Date,Price
1990-03-26,0.41
1990-03-27,0.41
1990-03-28,0.41
1990-03-29,0.41
1990-03-30,0.4
1990-04-02,0.39
1990-04-03,0.39
1990-04-04,0.38
1990-04-05,0.38
1990-04-06,0.38
1990-04-09,0.37
1990-04-10,0.37
1990-04-11,0.37
1990-04-12,0.36
1990-04-16,0.37
1990-04-17,0.37
1990-04-18,0.37
1990-04-19,0.36
1990-04-20,0.35
1990-04-23,0.37
1990-04-24,0.36
1990-04-25,0.38
1990-04-26,0.37
1990-04-27,0.37
1990-04-30,0.37
1990-05-01,0.37
1990-05-02,0.36
1990-05-03,0.36
1990-05-04,0.36
1990-05-07,0.36
1990-05-08,0.36
1990-05-09,0.36
1990-05-10,0.36
1990-05-11,0.36
1990-05-14,0.36
1990-05-15,0.37
1990-05-16,0.37
1990-05-17,0.37
1990-05-18,0.38
1990-05-21,0.36
1990-05-22,0.37
1990-05-23,0.38
1990-05-24,0.38
1990-05-25,0.37
1990-05-29,0.38
1990-05-30,0.38
1990-05-31,0.37
1990-06-01,0.38
1990-06-04,0.38
1990-06-05,0.38
1990-06-06,0.37
1990-06-07,0.37
1990-06-08,0.37
1990-06-11,0.36
1990-06-12,0.36
1990-06-13,0.35
1990-06-14,0.36
1990-06-15,0.35
1990-06-18,0.33
1990-06-19,0.34
1990-06-20,0.34
1990-06-21,0.34
1990-06-22,0.34
1990-06-25,0.33
1990-06-26,0.34
1990-06-27,0.33
1990-06-28,0.34
1990-06-29,0.34
1990-07-02,0.33
1990-07-03,0.34
1990-07-05,0.33
1990-07-06,0.33
1990-07-09,0.34
1990-07-10,0.34
1990-07-11,0.33
1990-07-12,0.33
1990-07-13,0.33
1990-07-16,0.33
1990-07-17,0.32
1990-07-18,0.32
1990-07-19,0.33
1990-07-20,0.33
1990-07-23,0.32
1990-07-24,0.33
1990-07-25,0.32
1990-07-26,0.33
1990-07-27,0.34
1990-07-30,0.33
1990-07-31,0.33
1990-08-01,0.34
1990-08-02,0.33
1990-08-03,0.34
1990-08-06,0.33
1990-08-07,0.34
1990-08-08,0.34
1990-08-09,0.33
1990-08-10,0.33
1990-08-13,0.33
1990-08-14,0.34
1990-08-15,0.33
1990-08-16,0.34
1990-08-17,0.33
1990-08-20,0.33
1990-08-21,0.33
1990-08-22,0.32
1990-08-23,0.29
1990-08-24,0.26
1990-08-27,0.28
1990-08-28,0.28
1990-08-29,0.28
1990-08-30,0.28
1990-08-31,0.3
1990-09-04,0.3
1990-09-05,0.3
1990-09-06,0.3
1990-09-07,0.28
1990-09-10,0.3
1990-09-11,0.25
1990-09-12,0.25
1990-09-13,0.25
1990-09-14,0.26
1990-09-17,0.25
1990-09-18,0.25
1990-09-19,0.25
1990-09-20,0.25
1990-09-21,0.25
1990-09-24,0.25
1990-09-25,0.25
1990-09-26,0.25
1990-09-27,0.25
1990-09-28,0.25
1990-10-01,0.25
1990-10-02,0.25
1990-10-03,0.25
1990-10-04,0.22
1990-10-05,0.23
1990-10-08,0.23
1990-10-09,0.22
1990-10-10,0.23
1990-10-11,0.23
1990-10-12,0.23
1990-10-15,0.22
1990-10-16,0.23
1990-10-17,0.22
1990-10-18,0.23
1990-10-19,0.22
1990-10-22,0.22
1990-10-23,0.22
1990-10-24,0.23
1990-10-25,0.24
1990-10-26,0.23
1990-10-29,0.23
1990-10-30,0.23
1990-10-31,0.21
1990-11-01,0.21
1990-11-02,0.22
1990-11-05,0.22
1990-11-06,0.21
1990-11-07,0.22
1990-11-08,0.21
1990-11-09,0.21
1990-11-12,0.21
1990-11-13,0.21
1990-11-14,0.21
1990-11-15,0.22
1990-11-16,0.22
1990-11-19,0.23
1990-11-20,0.22
1990-11-21,0.21
1990-11-23,0.21
1990-11-26,0.21
1990-11-27,0.21
1990-11-28,0.21
1990-11-29,0.21
1990-11-30,0.21
1990-12-03,0.21
1990-12-04,0.21
1990-12-05,0.21
1990-12-06,0.21
1990-12-07,0.2
1990-12-10,0.2
1990-12-11,0.18
1990-12-12,0.17
1990-12-13,0.17
1990-12-14,0.16
1990-12-17,0.13
1990-12-18,0.14
1990-12-19,0.14
1990-12-20,0.18
1990-12-21,0.16
1990-12-24,0.16
1990-12-26,0.16
1990-12-27,0.16
1990-12-28,0.16
1990-12-31,0.17
1991-01-02,0.16
1991-01-03,0.15
1991-01-04,0.16
1991-01-07,0.15
1991-01-08,0.15
1991-01-09,0.15
1991-01-10,0.14
1991-01-11,0.14
1991-01-14,0.14
1991-01-15,0.14
1991-01-16,0.15
1991-01-17,0.15
1991-01-18,0.14
1991-01-21,0.13
1991-01-22,0.14
1991-01-23,0.15
1991-01-24,0.15
1991-01-25,0.16
1991-01-28,0.17
1991-01-29,0.18
1991-01-30,0.18
1991-01-31,0.21
1991-02-01,0.21
1991-02-04,0.24
1991-02-05,0.26
1991-02-06,0.25
1991-02-07,0.26
1991-02-08,0.28
1991-02-11,0.27
1991-02-12,0.27
1991-02-13,0.27
1991-02-14,0.26
1991-02-15,0.27
1991-02-19,0.26
1991-02-20,0.26
1991-02-21,0.25
1991-02-22,0.24
1991-02-25,0.24
1991-02-26,0.24
1991-02-27,0.24
1991-02-28,0.24
1991-03-01,0.24
1991-03-04,0.26
1991-03-05,0.27
1991-03-06,0.24
1991-03-07,0.25
1991-03-08,0.24
1991-03-11,0.24
1991-03-12,0.24
1991-03-13,0.24
1991-03-14,0.24
1991-03-15,0.24
1991-03-18,0.25
1991-03-19,0.24
1991-03-20,0.25
1991-03-21,0.24
1991-03-22,0.25
1991-03-25,0.25
1991-03-26,0.24
1991-03-27,0.24
1991-03-28,0.24
1991-04-01,0.24
1991-04-02,0.25
1991-04-03,0.25
1991-04-04,0.24
1991-04-05,0.24
1991-04-08,0.24
1991-04-09,0.24
1991-04-10,0.24
1991-04-11,0.23
1991-04-12,0.24
1991-04-15,0.23
1991-04-16,0.23
1991-04-17,0.24
1991-04-18,0.24
1991-04-19,0.24
1991-04-22,0.24
1991-04-23,0.24
1991-04-24,0.25
1991-04-25,0.25
1991-04-26,0.25
1991-04-29,0.24
1991-04-30,0.24
1991-05-01,0.26
1991-05-02,0.26
1991-05-03,0.25
1991-05-06,0.24
1991-05-07,0.24
1991-05-08,0.26
1991-05-09,0.24
1991-05-10,0.24
1991-05-13,0.23
1991-05-14,0.24
1991-05-15,0.24
1991-05-16,0.23
1991-05-17,0.24
1991-05-20,0.23
1991-05-21,0.23
1991-05-22,0.23
1991-05-23,0.24
1991-05-24,0.23
1991-05-28,0.24
1991-05-29,0.24
1991-05-30,0.23
1991-05-31,0.24
1991-06-03,0.23
1991-06-04,0.24
1991-06-05,0.23
1991-06-06,0.21
1991-06-07,0.21
1991-06-10,0.21
1991-06-11,0.22
1991-06-12,0.22
1991-06-13,0.22
1991-06-14,0.22
1991-06-17,0.21
1991-06-18,0.18
1991-06-19,0.17
1991-06-20,0.18
1991-06-21,0.17
1991-06-24,0.18
1991-06-25,0.18
1991-06-26,0.18
1991-06-27,0.18
1991-06-28,0.17
1991-07-01,0.19
1991-07-02,0.19
1991-07-03,0.18
1991-07-05,0.18
1991-07-08,0.19
1991-07-09,0.18
1991-07-10,0.19
1991-07-11,0.18
1991-07-12,0.18
1991-07-15,0.18
1991-07-16,0.17
1991-07-17,0.17
1991-07-18,0.18
1991-07-19,0.18
1991-07-22,0.18
1991-07-23,0.17
1991-07-24,0.17
1991-07-25,0.17
1991-07-26,0.18
1991-07-29,0.18
1991-07-30,0.18
1991-07-31,0.18
1991-08-01,0.18
1991-08-02,0.18
1991-08-05,0.17
1991-08-06,0.19
1991-08-07,0.19
1991-08-08,0.18
1991-08-09,0.18
1991-08-12,0.18
1991-08-13,0.19
1991-08-14,0.21
1991-08-15,0.21
1991-08-16,0.21
1991-08-19,0.21
1991-08-20,0.21
1991-08-21,0.21
1991-08-22,0.22
1991-08-23,0.21
1991-08-26,0.22
1991-08-27,0.22
1991-08-28,0.21
1991-08-29,0.21
1991-08-30,0.21
1991-09-03,0.21
1991-09-04,0.22
1991-09-05,0.2
1991-09-06,0.2
1991-09-09,0.2
1991-09-10,0.2
1991-09-11,0.19
1991-09-12,0.18
1991-09-13,0.2
1991-09-16,0.18
1991-09-17,0.17
1991-09-18,0.18
1991-09-19,0.18
1991-09-20,0.18
1991-09-23,0.18
1991-09-24,0.18
1991-09-25,0.19
1991-09-26,0.18
1991-09-27,0.18
1991-09-30,0.18
1991-10-01,0.18
1991-10-02,0.17
1991-10-03,0.16
1991-10-04,0.16
1991-10-07,0.16
1991-10-08,0.16
1991-10-09,0.17
1991-10-10,0.16
1991-10-11,0.17
1991-10-14,0.16
1991-10-15,0.17
1991-10-16,0.16
1991-10-17,0.16
1991-10-18,0.16
1991-10-21,0.16
1991-10-22,0.17
1991-10-23,0.17
1991-10-24,0.16
1991-10-25,0.17
1991-10-28,0.16
1991-10-29,0.16
1991-10-30,0.16
1991-10-31,0.16
1991-11-01,0.16
1991-11-04,0.16
1991-11-05,0.16
1991-11-06,0.17
1991-11-07,0.16
1991-11-08,0.16
1991-11-11,0.16
1991-11-12,0.16
1991-11-13,0.16
1991-11-14,0.16
1991-11-15,0.16
1991-11-18,0.16
1991-11-19,0.16
1991-11-20,0.17
1991-11-21,0.16
1991-11-22,0.17
1991-11-25,0.17
1991-11-26,0.16
1991-11-27,0.16
1991-11-29,0.16
1991-12-02,0.16
1991-12-03,0.15
1991-12-04,0.15
1991-12-05,0.16
1991-12-06,0.15
1991-12-09,0.15
1991-12-10,0.14
1991-12-11,0.14
1991-12-12,0.15
1991-12-13,0.14
1991-12-16,0.13
1991-12-17,0.13
1991-12-18,0.12
1991-12-19,0.12
1991-12-20,0.13
1991-12-23,0.13
1991-12-24,0.12
1991-12-26,0.13
1991-12-27,0.12
1991-12-30,0.12
1991-12-31,0.11
1992-01-02,0.14
1992-01-03,0.13
1992-01-06,0.16
1992-01-07,0.18
1992-01-08,0.2
1992-01-09,0.2
1992-01-10,0.21
1992-01-13,0.26
1992-01-14,0.24
1992-01-15,0.23
1992-01-16,0.25
1992-01-17,0.24
1992-01-20,0.23
1992-01-21,0.22
1992-01-22,0.22
1992-01-23,0.24
1992-01-24,0.25
1992-01-27,0.25
1992-01-28,0.23
1992-01-29,0.23
1992-01-30,0.24
1992-01-31,0.23
1992-02-03,0.22
1992-02-04,0.24
1992-02-05,0.24
1992-02-06,0.22
1992-02-07,0.23
1992-02-10,0.24
1992-02-11,0.25
1992-02-12,0.27
1992-02-13,0.31
1992-02-14,0.31
1992-02-18,0.3
1992-02-19,0.3
1992-02-20,0.31
1992-02-21,0.34
1992-02-24,0.35
1992-02-25,0.35
1992-02-26,0.39
1992-02-27,0.38
1992-02-28,0.39
1992-03-02,0.38
1992-03-03,0.37
1992-03-04,0.36
1992-03-05,0.36
1992-03-06,0.36
1992-03-09,0.36
1992-03-10,0.36
1992-03-11,0.33
1992-03-12,0.32
1992-03-13,0.31
1992-03-16,0.31
1992-03-17,0.32
1992-03-18,0.3
1992-03-19,0.31
1992-03-20,0.3
1992-03-23,0.3
1992-03-24,0.3
1992-03-25,0.29
1992-03-26,0.29
1992-03-27,0.3
1992-03-30,0.29
1992-03-31,0.3
1992-04-01,0.32
1992-04-02,0.33
1992-04-03,0.33
1992-04-06,0.35
1992-04-07,0.35
1992-04-08,0.33
1992-04-09,0.33
1992-04-10,0.34
1992-04-13,0.33
1992-04-14,0.33
1992-04-15,0.33
1992-04-16,0.33
1992-04-20,0.34
1992-04-21,0.33
1992-04-22,0.35
1992-04-23,0.35
1992-04-24,0.34
1992-04-27,0.33
1992-04-28,0.33
1992-04-29,0.32
1992-04-30,0.33
1992-05-01,0.33
1992-05-04,0.33
1992-05-05,0.33
1992-05-06,0.34
1992-05-07,0.34
1992-05-08,0.33
1992-05-11,0.32
1992-05-12,0.33
1992-05-13,0.32
1992-05-14,0.33
1992-05-15,0.32
1992-05-18,0.33
1992-05-19,0.33
1992-05-20,0.31
1992-05-21,0.31
1992-05-22,0.33
1992-05-26,0.33
1992-05-27,0.33
1992-05-28,0.33
1992-05-29,0.35
1992-06-01,0.34
1992-06-02,0.35
1992-06-03,0.35
1992-06-04,0.35
1992-06-05,0.35
1992-06-08,0.35
1992-06-09,0.35
1992-06-10,0.34
1992-06-11,0.35
1992-06-12,0.35
1992-06-15,0.35
1992-06-16,0.33
1992-06-17,0.33
1992-06-18,0.32
1992-06-19,0.33
1992-06-22,0.33
1992-06-23,0.35
1992-06-24,0.34
1992-06-25,0.35
1992-06-26,0.35
1992-06-29,0.35
1992-06-30,0.35
1992-07-01,0.35
1992-07-02,0.37
1992-07-06,0.36
1992-07-07,0.36
1992-07-08,0.37
1992-07-09,0.38
1992-07-10,0.41
1992-07-13,0.41
1992-07-14,0.41
1992-07-15,0.43
1992-07-16,0.41
1992-07-17,0.41
1992-07-20,0.41
1992-07-21,0.41
1992-07-22,0.41
1992-07-23,0.39
1992-07-24,0.4
1992-07-27,0.39
1992-07-28,0.39
1992-07-29,0.39
1992-07-30,0.39
1992-07-31,0.4
1992-08-03,0.38
1992-08-04,0.37
1992-08-05,0.37
1992-08-06,0.36
1992-08-07,0.35
1992-08-10,0.35
1992-08-11,0.35
1992-08-12,0.32
1992-08-13,0.3
1992-08-14,0.32
1992-08-17,0.32
1992-08-18,0.3
1992-08-19,0.3
1992-08-20,0.3
1992-08-21,0.29
1992-08-24,0.3
1992-08-25,0.27
1992-08-26,0.27
1992-08-27,0.27
1992-08-28,0.27
1992-08-31,0.3
1992-09-01,0.3
1992-09-02,0.31
1992-09-03,0.31
1992-09-04,0.3
1992-09-08,0.3
1992-09-09,0.3
1992-09-10,0.3
1992-09-11,0.32
1992-09-14,0.33
1992-09-15,0.31
1992-09-16,0.31
1992-09-17,0.3
1992-09-18,0.3
1992-09-21,0.3
1992-09-22,0.3
1992-09-23,0.29
1992-09-24,0.29
1992-09-25,0.29
1992-09-28,0.3
1992-09-29,0.29
1992-09-30,0.3
1992-10-01,0.29
1992-10-02,0.3
1992-10-05,0.3
1992-10-06,0.28
1992-10-07,0.28
1992-10-08,0.3
1992-10-09,0.29
1992-10-12,0.29
1992-10-13,0.29
1992-10-14,0.27
1992-10-15,0.27
1992-10-16,0.26
1992-10-19,0.28
1992-10-20,0.28
1992-10-21,0.3
1992-10-22,0.3
1992-10-23,0.32
1992-10-26,0.33
1992-10-27,0.31
1992-10-28,0.31
1992-10-29,0.31
1992-10-30,0.3
1992-11-02,0.3
1992-11-03,0.3
1992-11-04,0.29
1992-11-05,0.29
1992-11-06,0.3
1992-11-09,0.29
1992-11-10,0.3
1992-11-11,0.3
1992-11-12,0.3
1992-11-13,0.3
1992-11-16,0.3
1992-11-17,0.3
1992-11-18,0.3
1992-11-19,0.3
1992-11-20,0.3
1992-11-23,0.29
1992-11-24,0.3
1992-11-25,0.29
1992-11-27,0.3
1992-11-30,0.3
1992-12-01,0.3
1992-12-02,0.3
1992-12-03,0.3
1992-12-04,0.3
1992-12-07,0.33
1992-12-08,0.33
1992-12-09,0.33
1992-12-10,0.33
1992-12-11,0.35
1992-12-14,0.35
1992-12-15,0.33
1992-12-16,0.33
1992-12-17,0.33
1992-12-18,0.33
1992-12-21,0.33
1992-12-22,0.36
1992-12-23,0.36
1992-12-24,0.36
1992-12-28,0.35
1992-12-29,0.35
1992-12-30,0.33
1992-12-31,0.33
1993-01-04,0.34
1993-01-05,0.35
1993-01-06,0.36
1993-01-07,0.35
1993-01-08,0.34
1993-01-11,0.34
1993-01-12,0.34
1993-01-13,0.33
1993-01-14,0.34
1993-01-15,0.35
1993-01-18,0.36
1993-01-19,0.36
1993-01-20,0.36
1993-01-21,0.38
1993-01-22,0.39
1993-01-25,0.38
1993-01-26,0.36
1993-01-27,0.37
1993-01-28,0.38
1993-01-29,0.38
1993-02-01,0.38
1993-02-02,0.41
1993-02-03,0.4
1993-02-04,0.4
1993-02-05,0.41
1993-02-08,0.42
1993-02-09,0.41
1993-02-10,0.4
1993-02-11,0.41
1993-02-12,0.4
1993-02-16,0.39
1993-02-17,0.39
1993-02-18,0.4
1993-02-19,0.41
1993-02-22,0.41
1993-02-23,0.41
1993-02-24,0.4
1993-02-25,0.42
1993-02-26,0.41
1993-03-01,0.41
1993-03-02,0.42
1993-03-03,0.42
1993-03-04,0.42
1993-03-05,0.43
1993-03-08,0.47
1993-03-09,0.48
1993-03-10,0.48
1993-03-11,0.5
1993-03-12,0.48
1993-03-15,0.47
1993-03-16,0.46
1993-03-17,0.47
1993-03-18,0.49
1993-03-19,0.49
1993-03-22,0.47
1993-03-23,0.47
1993-03-24,0.53
1993-03-25,0.55
1993-03-26,0.56
1993-03-29,0.52
1993-03-30,0.52
1993-03-31,0.52
1993-04-01,0.52
1993-04-02,0.51
1993-04-05,0.53
1993-04-06,0.54
1993-04-07,0.53
1993-04-08,0.53
1993-04-12,0.52
1993-04-13,0.54
1993-04-14,0.53
1993-04-15,0.54
1993-04-16,0.53
1993-04-19,0.53
1993-04-20,0.5
1993-04-21,0.51
1993-04-22,0.52
1993-04-23,0.51
1993-04-26,0.5
1993-04-27,0.45
1993-04-28,0.44
1993-04-29,0.46
1993-04-30,0.48
1993-05-03,0.5
1993-05-04,0.52
1993-05-05,0.51
1993-05-06,0.49
1993-05-07,0.47
1993-05-10,0.45
1993-05-11,0.44
1993-05-12,0.41
1993-05-13,0.39
1993-05-14,0.38
1993-05-17,0.39
1993-05-18,0.39
1993-05-19,0.39
1993-05-20,0.38
1993-05-21,0.39
1993-05-24,0.38
1993-05-25,0.39
1993-05-26,0.38
1993-05-27,0.36
1993-05-28,0.37
1993-06-01,0.37
1993-06-02,0.38
1993-06-03,0.37
1993-06-04,0.37
1993-06-07,0.38
1993-06-08,0.36
1993-06-09,0.37
1993-06-10,0.37
1993-06-11,0.38
1993-06-14,0.38
1993-06-15,0.38
1993-06-16,0.38
1993-06-17,0.38
1993-06-18,0.38
1993-06-21,0.38
1993-06-22,0.37
1993-06-23,0.38
1993-06-24,0.42
1993-06-25,0.41
1993-06-28,0.44
1993-06-29,0.43
1993-06-30,0.42
1993-07-01,0.42
1993-07-02,0.41
1993-07-06,0.41
1993-07-07,0.41
1993-07-08,0.43
1993-07-09,0.44
1993-07-12,0.45
1993-07-13,0.47
1993-07-14,0.47
1993-07-15,0.48
1993-07-16,0.47
1993-07-19,0.46
1993-07-20,0.47
1993-07-21,0.47
1993-07-22,0.47
1993-07-23,0.47
1993-07-26,0.47
1993-07-27,0.45
1993-07-28,0.44
1993-07-29,0.44
1993-07-30,0.44
1993-08-02,0.44
1993-08-03,0.46
1993-08-04,0.47
1993-08-05,0.47
1993-08-06,0.46
1993-08-09,0.45
1993-08-10,0.45
1993-08-11,0.45
1993-08-12,0.45
1993-08-13,0.45
1993-08-16,0.47
1993-08-17,0.46
1993-08-18,0.46
1993-08-19,0.47
1993-08-20,0.48
1993-08-23,0.49
1993-08-24,0.48
1993-08-25,0.47
1993-08-26,0.47
1993-08-27,0.47
1993-08-30,0.49
1993-08-31,0.51
1993-09-01,0.52
1993-09-02,0.53
1993-09-03,0.52
1993-09-07,0.5
1993-09-08,0.5
1993-09-09,0.49
1993-09-10,0.5
1993-09-13,0.55
1993-09-14,0.55
1993-09-15,0.56
1993-09-16,0.56
1993-09-17,0.56
1993-09-20,0.55
1993-09-21,0.54
1993-09-22,0.54
1993-09-23,0.53
1993-09-24,0.55
1993-09-27,0.54
1993-09-28,0.53
1993-09-29,0.53
1993-09-30,0.55
1993-10-01,0.55
1993-10-04,0.54
1993-10-05,0.54
1993-10-06,0.55
1993-10-07,0.55
1993-10-08,0.54
1993-10-11,0.55
1993-10-12,0.54
1993-10-13,0.55
1993-10-14,0.52
1993-10-15,0.54
1993-10-18,0.54
1993-10-19,0.53
1993-10-20,0.54
1993-10-21,0.54
1993-10-22,0.53
1993-10-25,0.55
1993-10-26,0.53
1993-10-27,0.53
1993-10-28,0.54
1993-10-29,0.54
1993-11-01,0.53
1993-11-02,0.53
1993-11-03,0.53
1993-11-04,0.52
1993-11-05,0.5
1993-11-08,0.53
1993-11-09,0.53
1993-11-10,0.52
1993-11-11,0.53
1993-11-12,0.52
1993-11-15,0.52
1993-11-16,0.52
1993-11-17,0.52
1993-11-18,0.52
1993-11-19,0.52
1993-11-22,0.52
1993-11-23,0.52
1993-11-24,0.52
1993-11-26,0.52
1993-11-29,0.52
1993-11-30,0.52
1993-12-01,0.52
1993-12-02,0.52
1993-12-03,0.52
1993-12-06,0.52
1993-12-07,0.52
1993-12-08,0.52
1993-12-09,0.52
1993-12-10,0.52
1993-12-13,0.52
1993-12-14,0.51
1993-12-15,0.51
1993-12-16,0.51
1993-12-17,0.52
1993-12-20,0.52
1993-12-21,0.53
1993-12-22,0.52
1993-12-23,0.53
1993-12-27,0.52
1993-12-28,0.52
1993-12-29,0.52
1993-12-30,0.52
1993-12-31,0.53
1994-01-03,0.52
1994-01-04,0.52
1994-01-05,0.52
1994-01-06,0.5
1994-01-07,0.51
1994-01-10,0.5
1994-01-11,0.5
1994-01-12,0.5
1994-01-13,0.52
1994-01-14,0.53
1994-01-17,0.52
1994-01-18,0.54
1994-01-19,0.55
1994-01-20,0.55
1994-01-21,0.56
1994-01-24,0.59
1994-01-25,0.65
1994-01-26,0.7
1994-01-27,0.68
1994-01-28,0.72
1994-01-31,0.71
1994-02-01,0.69
1994-02-02,0.69
1994-02-03,0.68
1994-02-04,0.64
1994-02-07,0.64
1994-02-08,0.67
1994-02-09,0.68
1994-02-10,0.66
1994-02-11,0.66
1994-02-14,0.66
1994-02-15,0.67
1994-02-16,0.66
1994-02-17,0.66
1994-02-18,0.65
1994-02-22,0.65
1994-02-23,0.63
1994-02-24,0.63
1994-02-25,0.63
1994-02-28,0.66
1994-03-01,0.66
1994-03-02,0.64
1994-03-03,0.63
1994-03-04,0.63
1994-03-07,0.66
1994-03-08,0.67
1994-03-09,0.66
1994-03-10,0.65
1994-03-11,0.67
1994-03-14,0.68
1994-03-15,0.66
1994-03-16,0.66
1994-03-17,0.67
1994-03-18,0.63
1994-03-21,0.61
1994-03-22,0.61
1994-03-23,0.63
1994-03-24,0.61
1994-03-25,0.62
1994-03-28,0.62
1994-03-29,0.61
1994-03-30,0.61
1994-03-31,0.6
1994-04-04,0.59
1994-04-05,0.61
1994-04-06,0.61
1994-04-07,0.61
1994-04-08,0.62
1994-04-11,0.63
1994-04-12,0.63
1994-04-13,0.63
1994-04-14,0.64
1994-04-15,0.64
1994-04-18,0.62
1994-04-19,0.62
1994-04-20,0.63
1994-04-21,0.65
1994-04-22,0.65
1994-04-25,0.66
1994-04-26,0.64
1994-04-28,0.66
1994-04-29,0.65
1994-05-02,0.66
1994-05-03,0.66
1994-05-04,0.65
1994-05-05,0.65
1994-05-06,0.63
1994-05-09,0.63
1994-05-10,0.63
1994-05-11,0.65
1994-05-12,0.64
1994-05-13,0.65
1994-05-16,0.64
1994-05-17,0.64
1994-05-18,0.65
1994-05-19,0.63
1994-05-20,0.65
1994-05-23,0.65
1994-05-24,0.65
1994-05-25,0.66
1994-05-26,0.65
1994-05-27,0.65
1994-05-31,0.65
1994-06-01,0.65
1994-06-02,0.66
1994-06-03,0.66
1994-06-06,0.66
1994-06-07,0.68
1994-06-08,0.71
1994-06-09,0.7
1994-06-10,0.71
1994-06-13,0.72
1994-06-14,0.75
1994-06-15,0.74
1994-06-16,0.74
1994-06-17,0.74
1994-06-20,0.72
1994-06-21,0.72
1994-06-22,0.71
1994-06-23,0.72
1994-06-24,0.71
1994-06-27,0.69
1994-06-28,0.72
1994-06-29,0.7
1994-06-30,0.72
1994-07-01,0.71
1994-07-05,0.77
1994-07-06,0.79
1994-07-07,0.8
1994-07-08,0.78
1994-07-11,0.78
1994-07-12,0.78
1994-07-13,0.79
1994-07-14,0.79
1994-07-15,0.8
1994-07-18,0.79
1994-07-19,0.8
1994-07-20,0.78
1994-07-21,0.8
1994-07-22,0.81
1994-07-25,0.81
1994-07-26,0.81
1994-07-27,0.8
1994-07-28,0.8
1994-07-29,0.81
1994-08-01,0.79
1994-08-02,0.79
1994-08-03,0.79
1994-08-04,0.81
1994-08-05,0.8
1994-08-08,0.81
1994-08-09,0.81
1994-08-10,0.81
1994-08-11,0.81
1994-08-12,0.81
1994-08-15,0.81
1994-08-16,0.81
1994-08-17,0.83
1994-08-18,0.82
1994-08-19,0.82
1994-08-22,0.82
1994-08-23,0.83
1994-08-24,0.81
1994-08-25,0.82
1994-08-26,0.81
1994-08-29,0.81
1994-08-30,0.81
1994-08-31,0.8
1994-09-01,0.81
1994-09-02,0.82
1994-09-06,0.82
1994-09-07,0.85
1994-09-08,0.85
1994-09-09,0.86
1994-09-12,0.87
1994-09-13,0.92
1994-09-14,0.91
1994-09-15,0.91
1994-09-16,0.93
1994-09-19,0.96
1994-09-20,0.9
1994-09-21,0.9
1994-09-22,0.92
1994-09-23,0.91
1994-09-26,0.91
1994-09-27,0.92
1994-09-28,0.91
1994-09-29,0.91
1994-09-30,0.9
1994-10-03,0.9
1994-10-04,0.88
1994-10-05,0.88
1994-10-06,0.87
1994-10-07,0.87
1994-10-10,0.91
1994-10-11,0.91
1994-10-12,0.91
1994-10-13,0.91
1994-10-14,0.89
1994-10-17,0.86
1994-10-18,0.83
1994-10-19,0.84
1994-10-20,0.84
1994-10-21,0.84
1994-10-24,0.81
1994-10-25,0.78
1994-10-26,0.79
1994-10-27,0.8
1994-10-28,0.8
1994-10-31,0.8
1994-11-01,0.8
1994-11-02,0.8
1994-11-03,0.81
1994-11-04,0.81
1994-11-07,0.79
1994-11-08,0.78
1994-11-09,0.77
1994-11-10,0.77
1994-11-11,0.72
1994-11-14,0.72
1994-11-15,0.73
1994-11-16,0.73
1994-11-17,0.73
1994-11-18,0.74
1994-11-21,0.72
1994-11-22,0.72
1994-11-23,0.74
1994-11-25,0.79
1994-11-28,0.78
1994-11-29,0.78
1994-11-30,0.79
1994-12-01,0.76
1994-12-02,0.77
1994-12-05,0.77
1994-12-06,0.77
1994-12-07,0.75
1994-12-08,0.72
1994-12-09,0.72
1994-12-12,0.73
1994-12-13,0.73
1994-12-14,0.74
1994-12-15,0.74
1994-12-16,0.74
1994-12-19,0.74
1994-12-20,0.75
1994-12-21,0.76
1994-12-22,0.75
1994-12-23,0.74
1994-12-27,0.75
1994-12-28,0.72
1994-12-29,0.73
1994-12-30,0.73
1995-01-03,0.72
1995-01-04,0.72
1995-01-05,0.74
1995-01-06,0.73
1995-01-09,0.72
1995-01-10,0.75
1995-01-11,0.74
1995-01-12,0.76
1995-01-13,0.78
1995-01-16,0.78
1995-01-17,0.79
1995-01-18,0.78
1995-01-19,0.79
1995-01-20,0.76
1995-01-23,0.75
1995-01-24,0.76
1995-01-25,0.77
1995-01-26,0.76
1995-01-27,0.76
1995-01-30,0.76
1995-01-31,0.78
1995-02-01,0.75
1995-02-02,0.73
1995-02-03,0.74
1995-02-06,0.73
1995-02-07,0.73
1995-02-08,0.74
1995-02-09,0.78
1995-02-10,0.79
1995-02-13,0.78
1995-02-14,0.79
1995-02-15,0.78
1995-02-16,0.76
1995-02-17,0.76
1995-02-21,0.79
1995-02-22,0.8
1995-02-23,0.83
1995-02-24,0.87
1995-02-27,0.86
1995-02-28,0.87
1995-03-01,0.86
1995-03-02,0.88
1995-03-03,0.9
1995-03-06,0.89
1995-03-07,0.88
1995-03-08,0.89
1995-03-09,0.92
1995-03-10,0.92
1995-03-13,0.89
1995-03-14,0.91
1995-03-15,0.9
1995-03-16,0.9
1995-03-17,0.9
1995-03-20,0.89
1995-03-21,0.89
1995-03-22,0.9
1995-03-23,0.9
1995-03-24,0.89
1995-03-27,0.89
1995-03-28,0.9
1995-03-29,0.92
1995-03-30,0.92
1995-03-31,0.93
1995-04-03,0.92
1995-04-04,0.91
1995-04-05,0.89
1995-04-06,0.91
1995-04-07,0.89
1995-04-10,0.91
1995-04-11,0.92
1995-04-12,0.91
1995-04-13,0.94
1995-04-17,0.94
1995-04-18,0.91
1995-04-19,0.92
1995-04-20,0.9
1995-04-21,0.93
1995-04-24,0.93
1995-04-25,0.94
1995-04-26,0.94
1995-04-27,0.93
1995-04-28,0.93
1995-05-01,0.92
1995-05-02,0.96
1995-05-03,0.97
1995-05-04,0.95
1995-05-05,0.96
1995-05-08,0.97
1995-05-09,0.96
1995-05-10,0.96
1995-05-11,0.94
1995-05-12,0.92
1995-05-15,0.91
1995-05-16,0.91
1995-05-17,0.92
1995-05-18,0.91
1995-05-19,0.92
1995-05-22,0.91
1995-05-23,0.91
1995-05-24,0.94
1995-05-25,0.94
1995-05-26,0.94
1995-05-30,0.95
1995-05-31,0.95
1995-06-01,0.96
1995-06-02,0.99
1995-06-05,0.98
1995-06-06,0.98
1995-06-07,0.98
1995-06-08,0.98
1995-06-09,0.95
1995-06-12,0.96
1995-06-13,0.97
1995-06-14,0.98
1995-06-15,0.97
1995-06-16,0.97
1995-06-19,0.96
1995-06-20,0.98
1995-06-21,0.99
1995-06-22,1.01
1995-06-23,1.0
1995-06-26,1.01
1995-06-27,0.99
1995-06-28,0.99
1995-06-29,1.0
1995-06-30,1.04
1995-07-03,1.01
1995-07-05,1.04
1995-07-06,1.05
1995-07-07,1.06
1995-07-10,1.13
1995-07-11,1.12
1995-07-12,1.09
1995-07-13,1.1
1995-07-14,1.12
1995-07-17,1.14
1995-07-18,1.12
1995-07-19,1.1
1995-07-20,1.12
1995-07-21,1.13
1995-07-24,1.15
1995-07-25,1.14
1995-07-26,1.15
1995-07-27,1.15
1995-07-28,1.15
1995-07-31,1.15
1995-08-01,1.13
1995-08-02,1.13
1995-08-03,1.14
1995-08-04,1.13
1995-08-07,1.15
1995-08-08,1.19
1995-08-09,1.22
1995-08-10,1.21
1995-08-11,1.21
1995-08-14,1.19
1995-08-15,1.21
1995-08-16,1.2
1995-08-17,1.22
1995-08-18,1.22
1995-08-21,1.22
1995-08-22,1.22
1995-08-23,1.23
1995-08-24,1.21
1995-08-25,1.23
1995-08-28,1.24
1995-08-29,1.24
1995-08-30,1.23
1995-08-31,1.26
1995-09-01,1.28
1995-09-05,1.29
1995-09-06,1.29
1995-09-07,1.21
1995-09-08,1.23
1995-09-11,1.28
1995-09-12,1.27
1995-09-13,1.28
1995-09-14,1.3
1995-09-15,1.3
1995-09-18,1.26
1995-09-19,1.26
1995-09-20,1.27
1995-09-21,1.28
1995-09-22,1.28
1995-09-25,1.26
1995-09-26,1.25
1995-09-27,1.25
1995-09-28,1.27
1995-09-29,1.36
1995-10-02,1.34
1995-10-03,1.36
1995-10-04,1.35
1995-10-05,1.36
1995-10-06,1.36
1995-10-09,1.36
1995-10-10,1.38
1995-10-11,1.38
1995-10-12,1.39
1995-10-13,1.39
1995-10-16,1.39
1995-10-17,1.39
1995-10-18,1.39
1995-10-19,1.4
1995-10-20,1.4
1995-10-23,1.44
1995-10-24,1.47
1995-10-25,1.44
1995-10-26,1.37
1995-10-27,1.33
1995-10-30,1.28
1995-10-31,1.26
1995-11-01,1.25
1995-11-02,1.27
1995-11-03,1.32
1995-11-06,1.33
1995-11-07,1.33
1995-11-08,1.31
1995-11-09,1.33
1995-11-10,1.27
1995-11-13,1.28
1995-11-14,1.3
1995-11-15,1.33
1995-11-16,1.32
1995-11-17,1.33
1995-11-20,1.33
1995-11-21,1.33
1995-11-22,1.32
1995-11-24,1.32
1995-11-27,1.34
1995-11-28,1.35
1995-11-29,1.34
1995-11-30,1.35
1995-12-01,1.34
1995-12-04,1.34
1995-12-05,1.33
1995-12-06,1.34
1995-12-07,1.32
1995-12-08,1.31
1995-12-11,1.31
1995-12-12,1.29
1995-12-13,1.27
1995-12-14,1.25
1995-12-15,1.22
1995-12-18,1.21
1995-12-19,1.19
1995-12-20,1.2
1995-12-21,1.19
1995-12-22,1.19
1995-12-26,1.19
1995-12-27,1.21
1995-12-28,1.22
1995-12-29,1.22
1996-01-02,1.21
1996-01-03,1.22
1996-01-04,1.22
1996-01-05,1.24
1996-01-08,1.24
1996-01-09,1.22
1996-01-10,1.21
1996-01-11,1.21
1996-01-12,1.2
1996-01-15,1.21
1996-01-16,1.2
1996-01-17,1.19
1996-01-18,1.2
1996-01-19,1.23
1996-01-22,1.24
1996-01-23,1.25
1996-01-24,1.25
1996-01-25,1.24
1996-01-26,1.25
1996-01-29,1.25
1996-01-30,1.28
1996-01-31,1.28
1996-02-01,1.31
1996-02-02,1.3
1996-02-05,1.31
1996-02-06,1.31
1996-02-07,1.32
1996-02-08,1.34
1996-02-09,1.36
1996-02-12,1.37
1996-02-13,1.36
1996-02-14,1.37
1996-02-15,1.36
1996-02-16,1.37
1996-02-20,1.36
1996-02-21,1.36
1996-02-22,1.36
1996-02-23,1.36
1996-02-26,1.38
1996-02-27,1.38
1996-02-28,1.41
1996-02-29,1.41
1996-03-01,1.42
1996-03-04,1.43
1996-03-05,1.42
1996-03-06,1.41
1996-03-07,1.41
1996-03-08,1.36
1996-03-11,1.34
1996-03-12,1.32
1996-03-13,1.29
1996-03-14,1.31
1996-03-15,1.29
1996-03-18,1.32
1996-03-19,1.32
1996-03-20,1.32
1996-03-21,1.32
1996-03-22,1.33
1996-03-25,1.33
1996-03-26,1.35
1996-03-27,1.34
1996-03-28,1.37
1996-03-29,1.39
1996-04-01,1.37
1996-04-02,1.37
1996-04-03,1.34
1996-04-04,1.33
1996-04-08,1.31
1996-04-09,1.31
1996-04-10,1.32
1996-04-11,1.28
1996-04-12,1.28
1996-04-15,1.28
1996-04-16,1.27
1996-04-17,1.28
1996-04-18,1.31
1996-04-19,1.31
1996-04-22,1.32
1996-04-23,1.32
1996-04-24,1.32
1996-04-25,1.34
1996-04-26,1.32
1996-04-29,1.36
1996-04-30,1.39
1996-05-01,1.39
1996-05-02,1.35
1996-05-03,1.35
1996-05-06,1.35
1996-05-07,1.32
1996-05-08,1.34
1996-05-09,1.33
1996-05-10,1.33
1996-05-13,1.33
1996-05-14,1.33
1996-05-15,1.34
1996-05-16,1.34
1996-05-17,1.34
1996-05-20,1.34
1996-05-21,1.32
1996-05-22,1.34
1996-05-23,1.34
1996-05-24,1.35
1996-05-28,1.3
1996-05-29,1.3
1996-05-30,1.31
1996-05-31,1.35
1996-06-03,1.35
1996-06-04,1.34
1996-06-05,1.34
1996-06-06,1.34
1996-06-07,1.33
1996-06-10,1.34
1996-06-11,1.32
1996-06-12,1.32
1996-06-13,1.34
1996-06-14,1.46
1996-06-17,1.48
1996-06-18,1.47
1996-06-19,1.48
1996-06-20,1.44
1996-06-21,1.46
1996-06-24,1.44
1996-06-25,1.46
1996-06-26,1.44
1996-06-27,1.46
1996-06-28,1.45
1996-07-01,1.46
1996-07-02,1.44
1996-07-03,1.41
1996-07-05,1.41
1996-07-08,1.37
1996-07-09,1.39
1996-07-10,1.37
1996-07-11,1.36
1996-07-12,1.38
1996-07-15,1.36
1996-07-16,1.36
1996-07-17,1.38
1996-07-18,1.38
1996-07-19,1.37
1996-07-22,1.39
1996-07-23,1.37
1996-07-24,1.33
1996-07-25,1.34
1996-07-26,1.34
1996-07-29,1.37
1996-07-30,1.39
1996-07-31,1.38
1996-08-01,1.4
1996-08-02,1.42
1996-08-05,1.42
1996-08-06,1.44
1996-08-07,1.46
1996-08-08,1.46
1996-08-09,1.47
1996-08-12,1.46
1996-08-13,1.45
1996-08-14,1.45
1996-08-15,1.45
1996-08-16,1.47
1996-08-19,1.46
1996-08-20,1.44
1996-08-21,1.43
1996-08-22,1.44
1996-08-23,1.42
1996-08-26,1.4
1996-08-27,1.38
1996-08-28,1.38
1996-08-29,1.38
1996-08-30,1.43
1996-09-03,1.41
1996-09-04,1.41
1996-09-05,1.39
1996-09-06,1.4
1996-09-09,1.4
1996-09-10,1.45
1996-09-11,1.45
1996-09-12,1.48
1996-09-13,1.51
1996-09-16,1.58
1996-09-17,1.56
1996-09-18,1.6
1996-09-19,1.58
1996-09-20,1.59
1996-09-23,1.62
1996-09-24,1.66
1996-09-25,1.63
1996-09-26,1.63
1996-09-27,1.63
1996-09-30,1.63
1996-10-01,1.6
1996-10-02,1.58
1996-10-03,1.59
1996-10-04,1.59
1996-10-07,1.58
1996-10-08,1.57
1996-10-09,1.58
1996-10-10,1.58
1996-10-11,1.62
1996-10-14,1.62
1996-10-15,1.61
1996-10-16,1.63
1996-10-17,1.65
1996-10-18,1.64
1996-10-21,1.64
1996-10-22,1.63
1996-10-23,1.6
1996-10-24,1.61
1996-10-25,1.66
1996-10-28,1.65
1996-10-29,1.64
1996-10-30,1.64
1996-10-31,1.71
1996-11-01,1.7
1996-11-04,1.72
1996-11-05,1.71
1996-11-06,1.73
1996-11-07,1.73
1996-11-08,1.74
1996-11-11,1.76
1996-11-12,1.79
1996-11-13,1.77
1996-11-14,1.82
1996-11-15,1.88
1996-11-18,1.88
1996-11-19,1.88
1996-11-20,1.9
1996-11-21,1.93
1996-11-22,1.9
1996-11-25,1.88
1996-11-26,1.88
1996-11-27,1.86
1996-11-29,1.87
1996-12-02,1.83
1996-12-03,1.85
1996-12-04,1.86
1996-12-05,1.85
1996-12-06,1.85
1996-12-09,1.84
1996-12-10,1.86
1996-12-11,1.83
1996-12-12,1.83
1996-12-13,1.81
1996-12-16,1.79
1996-12-17,1.82
1996-12-18,1.81
1996-12-19,1.99
1996-12-20,1.93
1996-12-23,1.91
1996-12-24,1.91
1996-12-26,1.92
1996-12-27,1.9
1996-12-30,1.9
1996-12-31,1.92
1997-01-02,1.89
1997-01-03,1.91
1997-01-06,1.96
1997-01-07,1.94
1997-01-08,1.91
1997-01-09,1.91
1997-01-10,1.9
1997-01-13,1.96
1997-01-14,2.02
1997-01-15,2.03
1997-01-16,2.01
1997-01-17,2.03
1997-01-20,2.11
1997-01-21,2.2
1997-01-22,2.16
1997-01-23,2.14
1997-01-24,2.13
1997-01-27,2.07
1997-01-28,2.08
1997-01-29,2.18
1997-01-30,2.2
1997-01-31,2.22
1997-02-03,2.23
1997-02-04,2.22
1997-02-05,2.26
1997-02-06,2.24
1997-02-07,2.31
1997-02-10,2.32
1997-02-11,2.34
1997-02-12,2.33
1997-02-13,2.44
1997-02-14,2.39
1997-02-18,2.34
1997-02-19,2.36
1997-02-20,2.38
1997-02-21,2.4
1997-02-24,2.38
1997-02-25,2.37
1997-02-26,2.37
1997-02-27,2.31
1997-02-28,2.31
1997-03-03,2.27
1997-03-04,2.27
1997-03-05,2.29
1997-03-06,2.32
1997-03-07,2.34
1997-03-10,2.36
1997-03-11,2.37
1997-03-12,2.36
1997-03-13,2.36
1997-03-14,2.36
1997-03-17,2.36
1997-03-18,2.27
1997-03-19,2.32
1997-03-20,2.34
1997-03-21,2.32
1997-03-24,2.36
1997-03-25,2.32
1997-03-26,2.32
1997-03-27,2.3
1997-03-31,2.17
1997-04-01,2.1
1997-04-02,2.07
1997-04-03,2.06
1997-04-04,2.04
1997-04-07,2.08
1997-04-08,2.1
1997-04-09,2.09
1997-04-10,2.08
1997-04-11,2.0
1997-04-14,1.91
1997-04-15,1.95
1997-04-16,1.94
1997-04-17,2.0
1997-04-18,2.07
1997-04-21,2.08
1997-04-22,2.02
1997-04-23,2.03
1997-04-24,2.04
1997-04-25,2.02
1997-04-28,2.04
1997-04-29,2.02
1997-04-30,2.02
1997-05-01,2.03
1997-05-02,2.07
1997-05-05,2.22
1997-05-06,2.26
1997-05-07,2.23
1997-05-08,2.23
1997-05-09,2.27
1997-05-12,2.31
1997-05-13,2.34
1997-05-14,2.36
1997-05-15,2.34
1997-05-16,2.43
1997-05-19,2.5
1997-05-20,2.48
1997-05-21,2.45
1997-05-22,2.43
1997-05-23,2.39
1997-05-27,2.38
1997-05-28,2.39
1997-05-29,2.4
1997-05-30,2.39
1997-06-02,2.42
1997-06-03,2.38
1997-06-04,2.43
1997-06-05,2.47
1997-06-06,2.47
1997-06-09,2.45
1997-06-10,2.45
1997-06-11,2.48
1997-06-12,2.47
1997-06-13,2.47
1997-06-16,2.55
1997-06-17,2.57
1997-06-18,2.61
1997-06-19,2.61
1997-06-20,2.68
1997-06-23,2.72
1997-06-24,2.67
1997-06-25,2.62
1997-06-26,2.59
1997-06-27,2.59
1997-06-30,2.62
1997-07-01,2.66
1997-07-02,2.63
1997-07-03,2.67
1997-07-07,2.67
1997-07-08,2.66
1997-07-09,2.61
1997-07-10,2.67
1997-07-11,2.76
1997-07-14,2.68
1997-07-15,2.68
1997-07-16,2.71
1997-07-17,2.68
1997-07-18,2.63
1997-07-21,2.61
1997-07-22,2.68
1997-07-23,2.69
1997-07-24,2.68
1997-07-25,2.8
1997-07-28,2.77
1997-07-29,2.74
1997-07-30,2.91
1997-07-31,2.88
1997-08-01,2.93
1997-08-04,2.88
1997-08-05,2.9
1997-08-06,2.93
1997-08-07,2.95
1997-08-08,2.88
1997-08-11,2.88
1997-08-12,2.85
1997-08-13,2.83
1997-08-14,2.79
1997-08-15,2.72
1997-08-18,2.7
1997-08-19,2.77
1997-08-20,2.77
1997-08-21,2.8
1997-08-22,2.83
1997-08-25,2.84
1997-08-26,2.84
1997-08-27,2.83
1997-08-28,2.83
1997-08-29,2.86
1997-09-02,2.89
1997-09-03,3.0
1997-09-04,2.93
1997-09-05,2.97
1997-09-08,2.99
1997-09-09,3.02
1997-09-10,3.08
1997-09-11,3.15
1997-09-12,3.18
1997-09-15,3.17
1997-09-16,3.18
1997-09-17,3.23
1997-09-18,3.25
1997-09-19,3.22
1997-09-22,3.21
1997-09-23,3.19
1997-09-24,3.23
1997-09-25,3.26
1997-09-26,3.27
1997-09-29,3.28
1997-09-30,3.26
1997-10-01,3.27
1997-10-02,3.25
1997-10-03,3.31
1997-10-06,3.35
1997-10-07,3.33
1997-10-08,3.65
1997-10-09,3.61
1997-10-10,3.68
1997-10-13,3.62
1997-10-14,3.65
1997-10-15,3.7
1997-10-16,3.67
1997-10-17,3.81
1997-10-20,3.74
1997-10-21,3.7
1997-10-22,3.75
1997-10-23,3.67
1997-10-24,3.67
1997-10-27,3.16
1997-10-28,3.33
1997-10-29,3.38
1997-10-30,3.32
1997-10-31,3.35
1997-11-03,3.46
1997-11-04,3.46
1997-11-05,3.46
1997-11-06,3.47
1997-11-07,3.46
1997-11-10,3.47
1997-11-11,3.48
1997-11-12,3.42
1997-11-13,3.38
1997-11-14,3.38
1997-11-17,3.41
1997-11-18,3.39
1997-11-19,3.41
1997-11-20,3.42
1997-11-21,3.43
1997-11-24,3.41
1997-11-25,3.42
1997-11-26,3.43
1997-11-28,3.45
1997-12-01,3.6
1997-12-02,3.61
1997-12-03,3.53
1997-12-04,3.69
1997-12-05,3.73
1997-12-08,3.65
1997-12-09,3.61
1997-12-10,3.64
1997-12-11,3.64
1997-12-12,3.58
1997-12-15,3.76
1997-12-16,3.73
1997-12-17,3.8
1997-12-18,3.79
1997-12-19,3.73
1997-12-22,3.66
1997-12-23,3.69
1997-12-24,3.69
1997-12-26,3.74
1997-12-29,3.76
1997-12-30,3.8
1997-12-31,3.89
1998-01-02,3.84
1998-01-05,3.78
1998-01-06,3.79
1998-01-07,3.73
1998-01-08,3.66
1998-01-09,3.58
1998-01-12,3.56
1998-01-13,3.71
1998-01-14,3.67
1998-01-15,3.67
1998-01-16,3.74
1998-01-20,3.83
1998-01-21,3.78
1998-01-22,3.66
1998-01-23,3.65
1998-01-26,3.58
1998-01-27,3.59
1998-01-28,3.6
1998-01-29,3.6
1998-01-30,3.57
1998-02-02,3.62
1998-02-03,3.61
1998-02-04,3.69
1998-02-05,3.64
1998-02-06,3.71
1998-02-09,3.78
1998-02-10,3.76
1998-02-11,3.75
1998-02-12,3.75
1998-02-13,3.76
1998-02-17,3.75
1998-02-18,3.75
1998-02-19,3.85
1998-02-20,3.82
1998-02-23,3.87
1998-02-24,3.82
1998-02-25,3.9
1998-02-26,3.91
1998-02-27,3.88
1998-03-02,3.93
1998-03-03,3.92
1998-03-04,3.81
1998-03-05,3.82
1998-03-06,3.9
1998-03-09,3.87
1998-03-10,3.92
1998-03-11,3.91
1998-03-12,3.87
1998-03-13,3.91
1998-03-16,3.91
1998-03-17,3.94
1998-03-18,3.99
1998-03-19,3.95
1998-03-20,3.99
1998-03-23,3.93
1998-03-24,3.91
1998-03-25,3.91
1998-03-26,3.86
1998-03-27,3.91
1998-03-30,3.87
1998-03-31,3.91
1998-04-01,4.0
1998-04-02,4.05
1998-04-03,4.11
1998-04-06,4.13
1998-04-07,4.1
1998-04-08,4.04
1998-04-09,4.07
1998-04-13,4.23
1998-04-14,4.23
1998-04-15,4.2
1998-04-16,4.23
1998-04-17,4.22
1998-04-20,4.13
1998-04-21,4.09
1998-04-22,4.11
1998-04-23,4.07
1998-04-24,4.09
1998-04-27,3.95
1998-04-28,3.98
1998-04-29,4.0
1998-04-30,4.0
1998-05-01,4.0
1998-05-04,4.05
1998-05-05,4.01
1998-05-06,3.99
1998-05-07,3.9
1998-05-08,3.93
1998-05-11,3.91
1998-05-12,3.91
1998-05-13,3.99
1998-05-14,3.99
1998-05-15,3.97
1998-05-18,3.97
1998-05-19,3.98
1998-05-20,4.02
1998-05-21,4.02
1998-05-22,4.0
1998-05-26,3.91
1998-05-27,3.91
1998-05-28,3.95
1998-05-29,3.95
1998-06-01,3.91
1998-06-02,3.9
1998-06-03,3.86
1998-06-04,3.86
1998-06-05,3.94
1998-06-08,4.01
1998-06-09,3.88
1998-06-10,3.86
1998-06-11,3.77
1998-06-12,3.79
1998-06-15,3.68
1998-06-16,3.7
1998-06-17,3.69
1998-06-18,3.6
1998-06-19,3.62
1998-06-22,3.65
1998-06-23,3.68
1998-06-24,3.7
1998-06-25,3.58
1998-06-26,3.65
1998-06-29,3.58
1998-06-30,3.58
1998-07-01,3.66
1998-07-02,3.65
1998-07-06,3.68
1998-07-07,3.66
1998-07-08,3.69
1998-07-09,3.61
1998-07-10,3.69
1998-07-13,3.61
1998-07-14,3.6
1998-07-15,3.69
1998-07-16,3.68
1998-07-17,3.62
1998-07-20,3.61
1998-07-21,3.57
1998-07-22,3.57
1998-07-23,3.54
1998-07-24,3.53
1998-07-27,3.42
1998-07-28,3.37
1998-07-29,3.31
1998-07-30,3.26
1998-07-31,3.24
1998-08-03,3.24
1998-08-04,3.17
1998-08-05,3.1
1998-08-06,2.97
1998-08-07,3.12
1998-08-10,3.03
1998-08-11,2.89
1998-08-12,2.98
1998-08-13,2.81
1998-08-14,2.82
1998-08-17,2.85
1998-08-18,2.83
1998-08-19,2.83
1998-08-20,2.81
1998-08-21,2.81
1998-08-24,2.82
1998-08-25,2.78
1998-08-26,2.66
1998-08-27,2.27
1998-08-28,2.33
1998-08-31,2.19
1998-09-01,2.29
1998-09-02,2.57
1998-09-03,2.51
1998-09-04,2.42
1998-09-08,2.63
1998-09-09,2.7
1998-09-10,2.53
1998-09-11,2.66
1998-09-14,2.67
1998-09-15,2.66
1998-09-16,2.67
1998-09-17,2.59
1998-09-18,2.61
1998-09-21,2.52
1998-09-22,2.68
1998-09-23,2.66
1998-09-24,2.59
1998-09-25,2.59
1998-09-28,2.53
1998-09-29,2.58
1998-09-30,2.55
1998-10-01,2.53
1998-10-02,2.49
1998-10-05,2.38
1998-10-06,2.25
1998-10-07,2.17
1998-10-08,1.99
1998-10-09,2.09
1998-10-12,2.27
1998-10-13,2.25
1998-10-14,2.29
1998-10-15,2.45
1998-10-16,2.5
1998-10-19,2.52
1998-10-20,2.62
1998-10-21,2.55
1998-10-22,2.58
1998-10-23,2.51
1998-10-26,2.51
1998-10-27,2.55
1998-10-28,2.63
1998-10-29,2.63
1998-10-30,2.69
1998-11-02,2.79
1998-11-03,2.71
1998-11-04,2.83
1998-11-05,2.92
1998-11-06,3.0
1998-11-09,2.99
1998-11-10,2.98
1998-11-11,2.97
1998-11-12,2.93
1998-11-13,2.93
1998-11-16,2.93
1998-11-17,2.91
1998-11-18,2.94
1998-11-19,2.95
1998-11-20,3.12
1998-11-23,3.16
1998-11-24,3.18
1998-11-25,3.21
1998-11-27,3.21
1998-11-30,3.12
1998-12-01,3.1
1998-12-02,3.11
1998-12-03,3.05
1998-12-04,3.05
1998-12-07,3.05
1998-12-08,3.05
1998-12-09,3.04
1998-12-10,3.04
1998-12-11,3.02
1998-12-14,2.87
1998-12-15,2.87
1998-12-16,2.83
1998-12-17,2.84
1998-12-18,2.85
1998-12-21,2.82
1998-12-22,2.8
1998-12-23,2.77
1998-12-24,2.76
1998-12-28,2.81
1998-12-29,2.8
1998-12-30,2.81
1998-12-31,2.91
1999-01-04,2.88
1999-01-05,2.94
1999-01-06,2.97
1999-01-07,2.97
1999-01-08,2.98
1999-01-11,2.98
1999-01-12,2.98
1999-01-13,2.95
1999-01-14,2.92
1999-01-15,2.91
1999-01-19,2.96
1999-01-20,2.87
1999-01-21,2.81
1999-01-22,2.84
1999-01-25,2.89
1999-01-26,2.92
1999-01-27,2.9
1999-01-28,2.83
1999-01-29,2.88
1999-02-01,2.86
1999-02-02,2.86
1999-02-03,2.89
1999-02-04,2.93
1999-02-05,2.91
1999-02-08,2.92
1999-02-09,2.94
1999-02-10,2.94
1999-02-11,2.98
1999-02-12,3.0
1999-02-16,2.98
1999-02-17,2.94
1999-02-18,2.96
1999-02-19,2.96
1999-02-22,2.97
1999-02-23,2.96
1999-02-24,2.96
1999-02-25,2.97
1999-02-26,2.97
1999-03-01,2.97
1999-03-02,3.0
1999-03-03,3.0
1999-03-04,2.99
1999-03-05,3.04
1999-03-08,3.01
1999-03-09,3.04
1999-03-10,3.06
1999-03-11,3.12
1999-03-12,3.1
1999-03-15,3.13
1999-03-16,3.15
1999-03-17,3.14
1999-03-18,3.12
1999-03-19,3.13
1999-03-22,3.06
1999-03-23,3.01
1999-03-24,3.04
1999-03-25,3.11
1999-03-26,3.16
1999-03-29,3.17
1999-03-30,3.16
1999-03-31,3.16
1999-04-01,3.18
1999-04-05,3.18
1999-04-06,3.16
1999-04-07,3.14
1999-04-08,3.12
1999-04-09,3.14
1999-04-12,3.14
1999-04-13,3.12
1999-04-14,3.16
1999-04-15,3.12
1999-04-16,3.09
1999-04-19,3.05
1999-04-20,3.04
1999-04-21,3.02
1999-04-22,3.03
1999-04-23,3.09
1999-04-26,3.12
1999-04-27,3.14
1999-04-28,3.22
1999-04-29,3.32
1999-04-30,3.37
1999-05-03,3.38
1999-05-04,3.32
1999-05-05,3.22
1999-05-06,3.28
1999-05-07,3.34
1999-05-10,3.34
1999-05-11,3.4
1999-05-12,3.4
1999-05-13,3.42
1999-05-14,3.32
1999-05-17,3.26
1999-05-18,3.3
1999-05-19,3.26
1999-05-20,3.34
1999-05-21,3.31
1999-05-24,3.25
1999-05-25,3.18
1999-05-26,3.19
1999-05-27,3.2
1999-05-28,3.21
1999-06-01,3.21
1999-06-02,3.2
1999-06-03,3.21
1999-06-04,3.21
1999-06-07,3.21
1999-06-08,3.2
1999-06-09,3.21
1999-06-10,3.22
1999-06-11,3.22
1999-06-14,3.22
1999-06-15,3.22
1999-06-16,3.26
1999-06-17,3.28
1999-06-18,3.3
1999-06-21,3.33
1999-06-22,3.37
1999-06-23,3.29
1999-06-24,3.21
1999-06-25,3.19
1999-06-28,3.19
1999-06-29,3.25
1999-06-30,3.26
1999-07-01,3.23
1999-07-02,3.18
1999-07-06,3.17
1999-07-07,3.18
1999-07-08,3.17
1999-07-09,3.14
1999-07-12,3.18
1999-07-13,3.2
1999-07-14,3.0
1999-07-15,3.08
1999-07-16,3.1
1999-07-19,3.11
1999-07-20,3.1
1999-07-21,3.21
1999-07-22,3.12
1999-07-23,3.1
1999-07-26,3.08
1999-07-27,3.09
1999-07-28,3.12
1999-07-29,3.12
1999-07-30,3.12
1999-08-02,3.12
1999-08-03,3.11
1999-08-04,3.1
1999-08-05,3.09
1999-08-06,3.08
1999-08-09,3.08
1999-08-10,3.08
1999-08-11,3.09
1999-08-12,3.1
1999-08-13,3.16
1999-08-16,3.15
1999-08-17,3.2
1999-08-18,3.17
1999-08-19,3.13
1999-08-20,3.15
1999-08-23,3.1
1999-08-24,3.08
1999-08-25,2.98
1999-08-26,2.96
1999-08-27,2.92
1999-08-30,2.86
1999-08-31,2.83
1999-09-01,2.85
1999-09-02,2.8
1999-09-03,2.88
1999-09-07,2.79
1999-09-08,2.74
1999-09-09,2.71
1999-09-10,2.73
1999-09-13,2.71
1999-09-14,2.69
1999-09-15,2.63
1999-09-16,2.57
1999-09-17,2.59
1999-09-20,2.62
1999-09-21,2.53
1999-09-22,2.57
1999-09-23,2.51
1999-09-24,2.52
1999-09-27,2.47
1999-09-28,2.42
1999-09-29,2.44
1999-09-30,2.55
1999-10-01,2.6
1999-10-04,2.59
1999-10-05,2.64
1999-10-06,2.66
1999-10-07,2.59
1999-10-08,2.66
1999-10-11,2.67
1999-10-12,2.62
1999-10-13,2.56
1999-10-14,2.52
1999-10-15,2.44
1999-10-18,2.43
1999-10-19,2.58
1999-10-20,2.49
1999-10-21,2.48
1999-10-22,2.63
1999-10-25,2.58
1999-10-26,2.52
1999-10-27,2.54
1999-10-28,2.58
1999-10-29,2.77
1999-11-01,2.68
1999-11-02,2.7
1999-11-03,2.7
1999-11-04,2.68
1999-11-05,2.68
1999-11-08,2.63
1999-11-09,2.62
1999-11-10,2.57
1999-11-11,2.44
1999-11-12,2.52
1999-11-15,2.51
1999-11-16,2.51
1999-11-17,2.51
1999-11-18,2.49
1999-11-19,2.45
1999-11-22,2.47
1999-11-23,2.45
1999-11-24,2.38
1999-11-26,2.45
1999-11-29,2.3
1999-11-30,2.32
1999-12-01,2.39
1999-12-02,2.39
1999-12-03,2.4
1999-12-06,2.36
1999-12-07,2.36
1999-12-08,2.34
1999-12-09,2.38
1999-12-10,2.4
1999-12-13,2.35
1999-12-14,2.23
1999-12-15,2.23
1999-12-16,2.23
1999-12-17,2.25
1999-12-20,2.22
1999-12-21,2.21
1999-12-22,2.19
1999-12-23,2.3
1999-12-27,2.28
1999-12-28,2.3
1999-12-29,2.29
1999-12-30,2.29
1999-12-31,2.31
2000-01-03,2.28
2000-01-04,2.27
2000-01-05,2.29
2000-01-06,2.27
2000-01-07,2.25
2000-01-10,2.21
2000-01-11,2.27
2000-01-12,2.26
2000-01-13,2.29
2000-01-14,2.34
2000-01-18,2.29
2000-01-19,2.29
2000-01-20,2.24
2000-01-21,2.19
2000-01-24,2.12
2000-01-25,2.09
2000-01-26,2.19
2000-01-27,2.14
2000-01-28,2.19
2000-01-31,2.29
2000-02-01,2.26
2000-02-02,2.2
2000-02-03,2.22
2000-02-04,2.27
2000-02-07,2.21
2000-02-08,2.15
2000-02-09,2.16
2000-02-10,2.12
2000-02-11,2.11
2000-02-14,2.07
2000-02-15,2.11
2000-02-16,2.16
2000-02-17,2.16
2000-02-18,2.11
2000-02-22,2.07
2000-02-23,2.08
2000-02-24,2.07
2000-02-25,2.08
2000-02-28,2.06
2000-02-29,2.21
2000-03-01,2.02
2000-03-02,2.0
2000-03-03,2.08
2000-03-06,2.08
2000-03-07,1.97
2000-03-08,1.94
2000-03-09,1.93
2000-03-10,1.93
2000-03-13,1.88
2000-03-14,1.99
2000-03-15,2.15
2000-03-16,2.34
2000-03-17,2.29
2000-03-20,2.18
2000-03-21,2.29
2000-03-22,2.34
2000-03-23,2.34
2000-03-24,2.21
2000-03-27,2.22
2000-03-28,2.2
2000-03-29,2.22
2000-03-30,2.25
2000-03-31,2.32
2000-04-03,2.36
2000-04-04,2.35
2000-04-05,2.35
2000-04-06,2.34
2000-04-07,2.31
2000-04-10,2.23
2000-04-11,2.21
2000-04-12,2.32
2000-04-13,2.22
2000-04-14,2.18
2000-04-17,2.29
2000-04-18,2.18
2000-04-19,2.2
2000-04-20,2.22
2000-04-24,2.16
2000-04-25,2.26
2000-04-26,2.18
2000-04-27,2.22
2000-04-28,2.26
2000-05-01,2.32
2000-05-02,2.31
2000-05-03,2.26
2000-05-04,2.17
2000-05-05,2.22
2000-05-08,2.24
2000-05-09,2.25
2000-05-10,2.25
2000-05-11,2.27
2000-05-12,2.3
2000-05-15,2.35
2000-05-16,2.36
2000-05-17,2.32
2000-05-18,2.3
2000-05-19,2.31
2000-05-22,2.3
2000-05-23,2.32
2000-05-24,2.36
2000-05-25,2.34
2000-05-26,2.33
2000-05-30,2.37
2000-05-31,2.37
2000-06-01,2.38
2000-06-02,2.58
2000-06-05,2.54
2000-06-06,2.48
2000-06-07,2.47
2000-06-08,2.43
2000-06-09,2.43
2000-06-12,2.38
2000-06-13,2.4
2000-06-14,2.37
2000-06-15,2.36
2000-06-16,2.28
2000-06-19,2.2
2000-06-20,2.24
2000-06-21,2.21
2000-06-22,2.19
2000-06-23,2.2
2000-06-26,2.23
2000-06-27,2.25
2000-06-28,2.29
2000-06-29,2.29
2000-06-30,2.07
2000-07-03,2.15
2000-07-05,2.23
2000-07-06,2.22
2000-07-07,2.3
2000-07-10,2.26
2000-07-11,2.2
2000-07-12,2.24
2000-07-13,2.24
2000-07-14,2.23
2000-07-17,2.24
2000-07-18,2.24
2000-07-19,2.28
2000-07-20,2.34
2000-07-21,2.26
2000-07-24,2.18
2000-07-25,2.25
2000-07-26,2.27
2000-07-27,2.26
2000-07-28,2.21
2000-07-31,2.26
2000-08-01,2.26
2000-08-02,2.26
2000-08-03,2.33
2000-08-04,2.33
2000-08-07,2.38
2000-08-08,2.35
2000-08-09,2.33
2000-08-10,2.36
2000-08-11,2.42
2000-08-14,2.39
2000-08-15,2.41
2000-08-16,2.39
2000-08-17,2.38
2000-08-18,2.35
2000-08-21,2.35
2000-08-22,2.41
2000-08-23,2.43
2000-08-24,2.43
2000-08-25,2.39
2000-08-28,2.46
2000-08-29,2.45
2000-08-30,2.45
2000-08-31,2.41
2000-09-01,2.47
2000-09-05,2.43
2000-09-06,2.43
2000-09-07,2.43
2000-09-08,2.45
2000-09-11,2.45
2000-09-12,2.42
2000-09-13,2.49
2000-09-14,2.52
2000-09-15,2.41
2000-09-18,2.35
2000-09-19,2.36
2000-09-20,2.35
2000-09-21,2.35
2000-09-22,2.34
2000-09-25,2.41
2000-09-26,2.37
2000-09-27,2.39
2000-09-28,2.46
2000-09-29,2.41
2000-10-02,2.33
2000-10-03,2.36
2000-10-04,2.38
2000-10-05,2.33
2000-10-06,2.28
2000-10-09,2.28
2000-10-10,2.22
2000-10-11,2.16
2000-10-12,2.14
2000-10-13,2.27
2000-10-16,2.3
2000-10-17,2.28
2000-10-18,2.21
2000-10-19,2.28
2000-10-20,2.2
2000-10-23,2.23
2000-10-24,2.25
2000-10-25,2.24
2000-10-26,2.24
2000-10-27,2.3
2000-10-30,2.35
2000-10-31,2.35
2000-11-01,2.32
2000-11-02,2.36
2000-11-03,2.34
2000-11-06,2.3
2000-11-07,2.33
2000-11-08,2.32
2000-11-09,2.33
2000-11-10,2.28
2000-11-13,2.29
2000-11-14,2.26
2000-11-15,2.3
2000-11-16,2.26
2000-11-17,2.31
2000-11-20,2.29
2000-11-21,2.27
2000-11-22,2.25
2000-11-24,2.3
2000-11-27,2.29
2000-11-28,2.31
2000-11-29,2.35
2000-11-30,2.34
2000-12-01,2.42
2000-12-04,2.39
2000-12-05,2.57
2000-12-06,2.44
2000-12-07,2.54
2000-12-08,2.74
2000-12-11,2.72
2000-12-12,2.71
2000-12-13,2.66
2000-12-14,2.64
2000-12-15,2.6
2000-12-18,2.74
2000-12-19,2.77
2000-12-20,2.74
2000-12-21,2.89
2000-12-22,2.97
2000-12-26,3.02
2000-12-27,3.06
2000-12-28,3.11
2000-12-29,3.0
2001-01-02,2.89
2001-01-03,2.96
2001-01-04,2.9
2001-01-05,2.87
2001-01-08,2.81
2001-01-09,2.81
2001-01-10,2.9
2001-01-11,2.87
2001-01-12,2.85
2001-01-16,2.82
2001-01-17,2.82
2001-01-18,2.89
2001-01-19,2.81
2001-01-22,2.93
2001-01-23,2.92
2001-01-24,3.0
2001-01-25,3.0
2001-01-26,3.05
2001-01-29,3.08
2001-01-30,3.11
2001-01-31,3.03
2001-02-01,3.1
2001-02-02,3.15
2001-02-05,3.19
2001-02-06,3.11
2001-02-07,3.16
2001-02-08,3.11
2001-02-09,3.17
2001-02-12,3.24
2001-02-13,3.27
2001-02-14,3.28
2001-02-15,3.32
2001-02-16,3.24
2001-02-20,3.22
2001-02-21,3.14
2001-02-22,3.07
2001-02-23,3.04
2001-02-26,3.12
2001-02-27,3.14
2001-02-28,3.12
2001-03-01,3.14
2001-03-02,3.17
2001-03-05,3.17
2001-03-06,3.22
2001-03-07,3.28
2001-03-08,3.22
2001-03-09,3.17
2001-03-12,3.05
2001-03-13,3.08
2001-03-14,2.98
2001-03-15,2.97
2001-03-16,3.05
2001-03-19,3.05
2001-03-20,3.03
2001-03-21,2.93
2001-03-22,2.86
2001-03-23,2.94
2001-03-26,3.1
2001-03-27,3.11
2001-03-28,2.99
2001-03-29,2.98
2001-03-30,3.03
2001-04-02,3.0
2001-04-03,2.93
2001-04-04,2.87
2001-04-05,2.94
2001-04-06,2.79
2001-04-09,2.75
2001-04-10,2.76
2001-04-11,2.71
2001-04-12,2.62
2001-04-16,2.51
2001-04-17,2.55
2001-04-18,2.58
2001-04-19,2.59
2001-04-20,2.63
2001-04-23,2.63
2001-04-24,2.61
2001-04-25,2.73
2001-04-26,2.74
2001-04-27,2.75
2001-04-30,2.69
2001-05-01,2.62
2001-05-02,2.63
2001-05-03,2.63
2001-05-04,2.7
2001-05-07,2.75
2001-05-08,2.73
2001-05-09,2.64
2001-05-10,2.68
2001-05-11,2.74
2001-05-14,2.68
2001-05-15,2.76
2001-05-16,2.74
2001-05-17,2.75
2001-05-18,2.81
2001-05-21,2.81
2001-05-22,2.86
2001-05-23,2.85
2001-05-24,2.87
2001-05-25,2.84
2001-05-29,2.82
2001-05-30,2.78
2001-05-31,2.8
2001-06-01,2.77
2001-06-04,2.8
2001-06-05,2.81
2001-06-06,2.8
2001-06-07,2.84
2001-06-08,2.84
2001-06-11,2.85
2001-06-12,2.88
2001-06-13,2.88
2001-06-14,2.84
2001-06-15,2.78
2001-06-18,2.82
2001-06-19,2.87
2001-06-20,2.88
2001-06-21,2.86
2001-06-22,2.84
2001-06-25,2.84
2001-06-26,2.82
2001-06-27,2.84
2001-06-28,2.84
2001-06-29,2.78
2001-07-02,2.76
2001-07-03,2.75
2001-07-05,2.75
2001-07-06,2.75
2001-07-09,2.74
2001-07-10,2.79
2001-07-11,2.79
2001-07-12,2.79
2001-07-13,2.82
2001-07-16,2.8
2001-07-17,2.79
2001-07-18,2.89
2001-07-19,2.96
2001-07-20,2.87
2001-07-23,2.86
2001-07-24,2.86
2001-07-25,2.86
2001-07-26,2.86
2001-07-27,2.87
2001-07-30,2.91
2001-07-31,3.05
2001-08-01,3.02
2001-08-02,3.06
2001-08-03,3.02
2001-08-06,3.01
2001-08-07,3.0
2001-08-08,3.07
2001-08-09,3.07
2001-08-10,3.13
2001-08-13,3.14
2001-08-14,3.15
2001-08-15,3.23
2001-08-16,3.26
2001-08-17,3.25
2001-08-20,3.29
2001-08-21,3.35
2001-08-22,3.27
2001-08-23,3.24
2001-08-24,3.15
2001-08-27,3.06
2001-08-28,3.04
2001-08-29,2.98
2001-08-30,3.01
2001-08-31,3.01
2001-09-04,2.98
2001-09-05,2.98
2001-09-06,2.96
2001-09-07,2.84
2001-09-10,2.85
2001-09-17,2.8
2001-09-18,2.91
2001-09-19,2.85
2001-09-20,2.83
2001-09-21,2.76
2001-09-24,2.84
2001-09-25,2.84
2001-09-26,2.78
2001-09-27,2.82
2001-09-28,2.68
2001-10-01,2.76
2001-10-02,2.81
2001-10-03,2.8
2001-10-04,2.84
2001-10-05,2.79
2001-10-08,2.76
2001-10-09,2.76
2001-10-10,2.79
2001-10-11,2.81
2001-10-12,2.69
2001-10-15,2.72
2001-10-16,2.79
2001-10-17,2.72
2001-10-18,2.74
2001-10-19,2.7
2001-10-22,2.71
2001-10-23,2.67
2001-10-24,2.7
2001-10-25,2.69
2001-10-26,2.67
2001-10-29,2.63
2001-10-30,2.64
2001-10-31,2.68
2001-11-01,2.6
2001-11-02,2.59
2001-11-05,2.62
2001-11-06,2.64
2001-11-07,2.65
2001-11-08,2.64
2001-11-09,2.64
2001-11-12,2.64
2001-11-13,2.64
2001-11-14,2.63
2001-11-15,2.62
2001-11-16,2.64
2001-11-19,2.66
2001-11-20,2.68
2001-11-21,2.67
2001-11-23,2.67
2001-11-26,2.64
2001-11-27,2.65
2001-11-28,2.64
2001-11-29,2.64
2001-11-30,2.62
2001-12-03,2.61
2001-12-04,2.62
2001-12-05,2.6
2001-12-06,2.62
2001-12-07,2.64
2001-12-10,2.63
2001-12-11,2.62
2001-12-12,2.59
2001-12-13,2.59
2001-12-14,2.61
2001-12-17,2.65
2001-12-18,2.59
2001-12-19,2.59
2001-12-20,2.58
2001-12-21,2.59
2001-12-24,2.6
2001-12-26,2.59
2001-12-27,2.59
2001-12-28,2.61
2001-12-31,2.61
2002-01-02,2.57
2002-01-03,2.56
2002-01-04,2.61
2002-01-07,2.62
2002-01-08,2.63
2002-01-09,2.6
2002-01-10,2.62
2002-01-11,2.6
2002-01-14,2.55
2002-01-15,2.57
2002-01-16,2.59
2002-01-17,2.58
2002-01-18,2.62
2002-01-22,2.61
2002-01-23,2.68
2002-01-24,2.7
2002-01-25,2.72
2002-01-28,2.75
2002-01-29,2.72
2002-01-30,2.74
2002-01-31,2.74
2002-02-01,2.75
2002-02-04,2.74
2002-02-05,2.72
2002-02-06,2.7
2002-02-07,2.74
2002-02-08,2.75
2002-02-11,2.76
2002-02-12,2.78
2002-02-13,2.8
2002-02-14,2.81
2002-02-15,2.8
2002-02-19,2.75
2002-02-20,2.8
2002-02-21,2.8
2002-02-22,2.82
2002-02-25,2.85
2002-02-26,2.86
2002-02-27,2.85
2002-02-28,2.86
2002-03-01,2.87
2002-03-04,2.89
2002-03-05,2.89
2002-03-06,2.89
2002-03-07,2.89
2002-03-08,2.91
2002-03-11,2.94
2002-03-12,2.94
2002-03-13,2.95
2002-03-14,2.97
2002-03-15,3.0
2002-03-18,3.04
2002-03-19,3.04
2002-03-20,3.05
2002-03-21,3.04
2002-03-22,3.04
2002-03-25,3.02
2002-03-26,3.02
2002-03-27,3.07
2002-03-28,3.08
2002-04-01,3.08
2002-04-02,3.09
2002-04-03,3.08
2002-04-04,3.09
2002-04-05,3.11
2002-04-08,3.15
2002-04-09,3.17
2002-04-10,3.21
2002-04-11,3.2
2002-04-12,3.27
2002-04-15,3.23
2002-04-16,3.24
2002-04-17,3.23
2002-04-18,3.25
2002-04-19,3.26
2002-04-22,3.28
2002-04-23,3.25
2002-04-24,3.3
2002-04-25,3.32
2002-04-26,3.29
2002-04-29,3.31
2002-04-30,3.36
2002-05-01,3.32
2002-05-02,3.37
2002-05-03,3.34
2002-05-06,3.35
2002-05-07,3.36
2002-05-08,3.36
2002-05-09,3.37
2002-05-10,3.43
2002-05-13,3.47
2002-05-14,3.49
2002-05-15,3.53
2002-05-16,3.46
2002-05-17,3.44
2002-05-20,3.38
2002-05-21,3.4
2002-05-22,3.35
2002-05-23,3.41
2002-05-24,3.39
2002-05-28,3.38
2002-05-29,3.4
2002-05-30,3.42
2002-05-31,3.43
2002-06-03,3.36
2002-06-04,3.31
2002-06-05,3.31
2002-06-06,3.27
2002-06-07,3.34
2002-06-10,3.34
2002-06-11,3.34
2002-06-12,3.35
2002-06-13,3.27
2002-06-14,3.3
2002-06-17,3.42
2002-06-18,3.44
2002-06-19,3.43
2002-06-20,3.38
2002-06-21,3.37
2002-06-24,3.36
2002-06-25,3.3
2002-06-26,3.29
2002-06-27,3.33
2002-06-28,3.3
2002-07-01,3.37
2002-07-02,3.31
2002-07-03,3.25
2002-07-05,3.26
2002-07-08,3.33
2002-07-09,3.26
2002-07-10,3.2
2002-07-11,3.15
2002-07-12,3.09
2002-07-15,2.98
2002-07-16,3.06
2002-07-17,3.08
2002-07-18,3.01
2002-07-19,3.02
2002-07-22,2.98
2002-07-23,2.88
2002-07-24,2.99
2002-07-25,3.11
2002-07-26,3.18
2002-07-29,3.29
2002-07-30,3.23
2002-07-31,3.26
2002-08-01,3.22
2002-08-02,3.15
2002-08-05,3.08
2002-08-06,3.15
2002-08-07,3.16
2002-08-08,3.22
2002-08-09,3.22
2002-08-12,3.25
2002-08-13,3.16
2002-08-14,3.24
2002-08-15,3.31
2002-08-16,3.26
2002-08-19,3.26
2002-08-20,3.24
2002-08-21,3.24
2002-08-22,3.24
2002-08-23,3.18
2002-08-26,3.21
2002-08-27,3.19
2002-08-28,3.13
2002-08-29,3.16
2002-08-30,3.13
2002-09-03,3.04
2002-09-04,3.08
2002-09-05,3.04
2002-09-06,3.07
2002-09-09,3.07
2002-09-10,2.98
2002-09-11,2.98
2002-09-12,2.89
2002-09-13,2.95
2002-09-16,2.93
2002-09-17,2.86
2002-09-18,2.81
2002-09-19,2.76
2002-09-20,2.85
2002-09-23,2.74
2002-09-24,2.78
2002-09-25,2.83
2002-09-26,2.87
2002-09-27,2.83
2002-09-30,2.88
2002-10-01,2.94
2002-10-02,2.83
2002-10-03,2.8
2002-10-04,2.79
2002-10-07,2.72
2002-10-08,2.87
2002-10-09,2.72
2002-10-10,2.87
2002-10-11,2.94
2002-10-14,2.96
2002-10-15,3.04
2002-10-16,3.02
2002-10-17,3.19
2002-10-18,3.16
2002-10-21,3.2
2002-10-22,3.18
2002-10-23,3.2
2002-10-24,3.17
2002-10-25,3.24
2002-10-28,3.17
2002-10-29,3.13
2002-10-30,3.18
2002-10-31,3.2
2002-11-01,3.17
2002-11-04,3.18
2002-11-05,3.21
2002-11-06,3.22
2002-11-07,3.16
2002-11-08,3.12
2002-11-11,3.1
2002-11-12,3.09
2002-11-13,3.1
2002-11-14,3.18
2002-11-15,3.23
2002-11-18,3.19
2002-11-19,3.18
2002-11-20,3.24
2002-11-21,3.28
2002-11-22,3.29
2002-11-25,3.31
2002-11-26,3.24
2002-11-27,3.33
2002-11-29,3.31
2002-12-02,3.29
2002-12-03,3.24
2002-12-04,3.14
2002-12-05,3.18
2002-12-06,3.17
2002-12-09,3.15
2002-12-10,3.23
2002-12-11,3.27
2002-12-12,3.24
2002-12-13,3.23
2002-12-16,3.27
2002-12-17,3.28
2002-12-18,3.23
2002-12-19,3.25
2002-12-20,3.3
2002-12-23,3.32
2002-12-24,3.3
2002-12-26,3.33
2002-12-27,3.28
2002-12-30,3.3
2002-12-31,3.28
2003-01-02,3.36
2003-01-03,3.36
2003-01-06,3.44
2003-01-07,3.41
2003-01-08,3.39
2003-01-09,3.45
2003-01-10,3.45
2003-01-13,3.45
2003-01-14,3.48
2003-01-15,3.43
2003-01-16,3.45
2003-01-17,3.35
2003-01-21,3.39
2003-01-22,3.32
2003-01-23,3.34
2003-01-24,3.25
2003-01-27,3.31
2003-01-28,3.32
2003-01-29,3.34
2003-01-30,3.3
2003-01-31,3.36
2003-02-03,3.32
2003-02-04,3.31
2003-02-05,3.26
2003-02-06,3.26
2003-02-07,3.24
2003-02-10,3.28
2003-02-11,3.28
2003-02-12,3.23
2003-02-13,3.26
2003-02-14,3.3
2003-02-18,3.33
2003-02-19,3.33
2003-02-20,3.31
2003-02-21,3.39
2003-02-24,3.35
2003-02-25,3.34
2003-02-26,3.3
2003-02-27,3.38
2003-02-28,3.4
2003-03-03,3.39
2003-03-04,3.39
2003-03-05,3.33
2003-03-06,3.32
2003-03-07,3.32
2003-03-10,3.26
2003-03-11,3.26
2003-03-12,3.25
2003-03-13,3.28
2003-03-14,3.29
2003-03-17,3.34
2003-03-18,3.35
2003-03-19,3.35
2003-03-20,3.36
2003-03-21,3.45
2003-03-24,3.36
2003-03-25,3.42
2003-03-26,3.37
2003-03-27,3.36
2003-03-28,3.34
2003-03-31,3.33
2003-04-01,3.35
2003-04-02,3.43
2003-04-03,3.4
2003-04-04,3.43
2003-04-07,3.41
2003-04-08,3.43
2003-04-09,3.38
2003-04-10,3.41
2003-04-11,3.45
2003-04-14,3.49
2003-04-15,3.51
2003-04-16,3.46
2003-04-17,3.42
2003-04-21,3.46
2003-04-22,3.43
2003-04-23,3.49
2003-04-24,3.45
2003-04-25,3.49
2003-04-28,3.47
2003-04-29,3.5
2003-04-30,3.53
2003-05-01,3.54
2003-05-02,3.57
2003-05-05,3.58
2003-05-06,3.65
2003-05-07,3.67
2003-05-08,3.62
2003-05-09,3.62
2003-05-12,3.62
2003-05-13,3.62
2003-05-14,3.59
2003-05-15,3.6
2003-05-16,3.64
2003-05-19,3.58
2003-05-20,3.6
2003-05-21,3.62
2003-05-22,3.58
2003-05-23,3.64
2003-05-27,3.81
2003-05-28,3.76
2003-05-29,3.75
2003-05-30,3.78
2003-06-02,3.8
2003-06-03,3.85
2003-06-04,3.86
2003-06-05,3.88
2003-06-06,3.91
2003-06-09,3.85
2003-06-10,3.89
2003-06-11,3.96
2003-06-12,4.0
2003-06-13,3.91
2003-06-16,3.92
2003-06-17,3.94
2003-06-18,3.9
2003-06-19,3.82
2003-06-20,3.86
2003-06-23,3.81
2003-06-24,3.87
2003-06-25,3.85
2003-06-26,3.84
2003-06-27,3.92
2003-06-30,3.89
2003-07-01,3.9
2003-07-02,3.99
2003-07-03,3.97
2003-07-07,4.01
2003-07-08,4.01
2003-07-09,3.97
2003-07-10,3.92
2003-07-11,3.91
2003-07-14,3.99
2003-07-15,4.01
2003-07-16,3.98
2003-07-17,3.84
2003-07-18,3.84
2003-07-21,3.71
2003-07-22,3.73
2003-07-23,3.76
2003-07-24,3.75
2003-07-25,3.76
2003-07-28,3.8
2003-07-29,3.81
2003-07-30,3.86
2003-07-31,3.87
2003-08-01,3.78
2003-08-04,3.81
2003-08-05,3.75
2003-08-06,3.8
2003-08-07,3.81
2003-08-08,3.78
2003-08-11,3.81
2003-08-12,3.91
2003-08-13,3.9
2003-08-14,3.96
2003-08-15,4.03
2003-08-18,4.02
2003-08-19,4.05
2003-08-20,4.03
2003-08-21,4.02
2003-08-22,4.03
2003-08-25,4.0
2003-08-26,4.0
2003-08-27,4.02
2003-08-28,4.05
2003-08-29,4.06
2003-09-02,4.13
2003-09-03,4.19
2003-09-04,4.14
2003-09-05,4.18
2003-09-08,4.19
2003-09-09,4.16
2003-09-10,4.08
2003-09-11,4.13
2003-09-12,4.15
2003-09-15,4.13
2003-09-16,4.15
2003-09-17,4.16
2003-09-18,4.19
2003-09-19,4.19
2003-09-22,4.18
2003-09-23,4.24
2003-09-24,4.16
2003-09-25,4.13
2003-09-26,4.08
2003-09-29,4.09
2003-09-30,4.08
2003-10-01,4.14
2003-10-02,4.14
2003-10-03,4.23
2003-10-06,4.18
2003-10-07,4.22
2003-10-08,4.24
2003-10-09,4.22
2003-10-10,4.25
2003-10-13,4.24
2003-10-14,4.31
2003-10-15,4.32
2003-10-16,4.32
2003-10-17,4.24
2003-10-20,4.21
2003-10-21,4.22
2003-10-22,4.2
2003-10-23,4.21
2003-10-24,4.17
2003-10-27,4.24
2003-10-28,4.29
2003-10-29,4.38
2003-10-30,4.42
2003-10-31,4.51
2003-11-03,4.49
2003-11-04,4.66
2003-11-05,4.58
2003-11-06,4.61
2003-11-07,4.56
2003-11-10,4.51
2003-11-11,4.48
2003-11-12,4.47
2003-11-13,4.48
2003-11-14,4.47
2003-11-17,4.5
2003-11-18,4.46
2003-11-19,4.43
2003-11-20,4.44
2003-11-21,4.48
2003-11-24,4.47
2003-11-25,4.5
2003-11-26,4.47
2003-11-28,4.46
2003-12-01,4.48
2003-12-02,4.54
2003-12-03,4.49
2003-12-04,4.52
2003-12-05,4.52
2003-12-08,4.56
2003-12-09,4.46
2003-12-10,4.43
2003-12-11,4.52
2003-12-12,4.57
2003-12-15,4.53
2003-12-16,4.55
2003-12-17,4.49
2003-12-18,4.53
2003-12-19,4.48
2003-12-22,4.47
2003-12-23,4.48
2003-12-24,4.47
2003-12-26,4.47
2003-12-29,4.51
2003-12-30,4.49
2003-12-31,4.48
2004-01-02,4.49
2004-01-05,4.49
2004-01-06,4.51
2004-01-07,4.49
2004-01-08,4.52
2004-01-09,4.54
2004-01-12,4.65
2004-01-13,4.63
2004-01-14,4.65
2004-01-15,4.77
2004-01-16,5.13
2004-01-20,5.04
2004-01-21,5.28
2004-01-22,5.19
2004-01-23,5.25
2004-01-26,5.37
2004-01-27,5.34
2004-01-28,5.26
2004-01-29,5.18
2004-01-30,5.27
2004-02-02,5.23
2004-02-03,5.81
2004-02-04,6.27
2004-02-05,6.16
2004-02-06,6.24
2004-02-09,6.08
2004-02-10,6.06
2004-02-11,6.26
2004-02-12,6.21
2004-02-13,6.18
2004-02-17,6.24
2004-02-18,6.22
2004-02-19,6.19
2004-02-20,6.16
2004-02-23,6.19
2004-02-24,6.15
2004-02-25,6.19
2004-02-26,6.19
2004-02-27,6.25
2004-03-01,6.23
2004-03-02,6.26
2004-03-03,6.25
2004-03-04,6.27
2004-03-05,6.29
2004-03-08,6.31
2004-03-09,6.26
2004-03-10,6.21
2004-03-11,6.2
2004-03-12,6.26
2004-03-15,6.02
2004-03-16,6.16
2004-03-17,6.26
2004-03-18,6.16
2004-03-19,6.09
2004-03-22,6.02
2004-03-23,5.98
2004-03-24,5.86
2004-03-25,5.94
2004-03-26,5.92
2004-03-29,5.99
2004-03-30,6.16
2004-03-31,6.46
2004-04-01,6.76
2004-04-02,6.94
2004-04-05,6.73
2004-04-06,6.67
2004-04-07,6.6
2004-04-08,6.6
2004-04-12,6.46
2004-04-13,6.42
2004-04-14,6.3
2004-04-15,6.21
2004-04-16,6.33
2004-04-19,6.11
2004-04-20,5.95
2004-04-21,5.93
2004-04-22,5.98
2004-04-23,5.96
2004-04-26,5.95
2004-04-27,5.91
2004-04-28,5.89
2004-04-29,5.92
2004-04-30,5.93
2004-05-03,6.06
2004-05-04,6.1
2004-05-05,6.19
2004-05-06,6.19
2004-05-07,6.16
2004-05-10,6.08
2004-05-11,6.2
2004-05-12,6.2
2004-05-13,6.34
2004-05-14,6.27
2004-05-17,6.23
2004-05-18,6.26
2004-05-19,6.4
2004-05-20,6.42
2004-05-21,6.51
2004-05-24,6.57
2004-05-25,6.61
2004-05-26,6.67
2004-05-27,6.68
2004-05-28,6.74
2004-06-01,6.63
2004-06-02,6.61
2004-06-03,6.46
2004-06-04,6.47
2004-06-07,6.53
2004-06-08,6.51
2004-06-09,6.43
2004-06-10,6.44
2004-06-14,6.3
2004-06-15,6.29
2004-06-16,6.24
2004-06-17,6.24
2004-06-18,6.22
2004-06-21,6.3
2004-06-22,6.21
2004-06-23,6.09
2004-06-24,6.15
2004-06-25,6.32
2004-06-28,6.43
2004-06-29,6.55
2004-06-30,6.56
2004-07-01,6.54
2004-07-02,6.53
2004-07-06,6.6
2004-07-07,6.66
2004-07-08,6.58
2004-07-09,6.63
2004-07-12,6.62
2004-07-13,6.64
2004-07-14,6.78
2004-07-15,6.67
2004-07-16,6.52
2004-07-19,6.55
2004-07-20,6.48
2004-07-21,6.54
2004-07-22,6.44
2004-07-23,6.34
2004-07-26,6.45
2004-07-27,6.62
2004-07-28,6.59
2004-07-29,6.65
2004-07-30,6.7
2004-08-02,6.73
2004-08-03,6.61
2004-08-04,6.6
2004-08-05,6.52
2004-08-06,6.49
2004-08-09,6.49
2004-08-10,6.58
2004-08-11,6.57
2004-08-12,6.48
2004-08-13,6.46
2004-08-16,6.49
2004-08-17,6.49
2004-08-18,6.54
2004-08-19,6.68
2004-08-20,6.79
2004-08-23,6.81
2004-08-24,6.85
2004-08-25,6.84
2004-08-26,6.84
2004-08-27,6.84
2004-08-30,6.87
2004-08-31,7.02
2004-09-01,7.02
2004-09-02,7.17
2004-09-03,7.29
2004-09-07,7.23
2004-09-08,7.31
2004-09-09,7.35
2004-09-10,7.44
2004-09-13,7.66
2004-09-14,7.8
2004-09-15,7.63
2004-09-16,7.66
2004-09-17,7.65
2004-09-20,7.62
2004-09-21,7.71
2004-09-22,7.65
2004-09-23,7.52
2004-09-24,7.43
2004-09-27,7.36
2004-09-28,7.4
2004-09-29,7.42
2004-09-30,7.6
2004-10-01,7.58
2004-10-04,7.71
2004-10-05,7.71
2004-10-06,7.83
2004-10-07,7.78
2004-10-08,7.75
2004-10-11,7.85
2004-10-12,7.76
2004-10-13,7.78
2004-10-14,7.68
2004-10-15,7.79
2004-10-18,7.8
2004-10-19,7.66
2004-10-20,7.73
2004-10-21,7.82
2004-10-22,7.83
2004-10-25,7.99
2004-10-26,8.09
2004-10-27,7.98
2004-10-28,7.98
2004-10-29,8.03
2004-11-01,8.0
2004-11-02,7.93
2004-11-03,8.32
2004-11-04,8.51
2004-11-05,8.48
2004-11-08,8.53
2004-11-09,8.52
2004-11-10,8.61
2004-11-11,8.84
2004-11-12,9.32
2004-11-15,9.48
2004-11-16,8.67
2004-11-17,8.68
2004-11-18,8.42
2004-11-19,8.29
2004-11-22,8.42
2004-11-23,8.4
2004-11-24,8.37
2004-11-26,8.49
2004-11-29,8.47
2004-11-30,8.52
2004-12-01,8.51
2004-12-02,8.5
2004-12-03,8.3
2004-12-06,8.25
2004-12-07,8.04
2004-12-08,8.02
2004-12-09,7.95
2004-12-10,8.12
2004-12-13,8.26
2004-12-14,8.24
2004-12-15,8.31
2004-12-16,8.29
2004-12-17,8.13
2004-12-20,8.09
2004-12-21,8.23
2004-12-22,8.18
2004-12-23,8.21
2004-12-27,8.18
2004-12-28,8.18
2004-12-29,8.23
2004-12-30,8.26
2004-12-31,8.33
2005-01-03,8.18
2005-01-04,8.02
2005-01-05,7.97
2005-01-06,7.88
2005-01-07,7.93
2005-01-10,7.92
2005-01-11,7.88
2005-01-12,7.87
2005-01-13,7.82
2005-01-14,7.84
2005-01-18,7.91
2005-01-19,8.02
2005-01-20,7.9
2005-01-21,7.98
2005-01-24,8.06
2005-01-25,8.0
2005-01-26,8.05
2005-01-27,7.95
2005-01-28,7.98
2005-01-31,8.0
2005-02-01,8.09
2005-02-02,8.08
2005-02-03,8.13
2005-02-04,8.16
2005-02-07,8.22
2005-02-08,8.18
2005-02-09,8.13
2005-02-10,8.17
2005-02-11,8.2
2005-02-14,8.14
2005-02-15,8.22
2005-02-16,8.16
2005-02-17,8.17
2005-02-18,8.19
2005-02-22,7.99
2005-02-23,7.89
2005-02-24,8.03
2005-02-25,8.13
2005-02-28,8.24
2005-03-01,8.26
2005-03-02,8.29
2005-03-03,8.49
2005-03-04,8.74
2005-03-07,8.8
2005-03-08,8.83
2005-03-09,8.76
2005-03-10,8.83
2005-03-11,8.85
2005-03-14,8.99
2005-03-15,8.88
2005-03-16,8.72
2005-03-17,8.72
2005-03-18,8.81
2005-03-21,8.77
2005-03-22,8.74
2005-03-23,8.66
2005-03-24,8.63
2005-03-28,8.62
2005-03-29,8.64
2005-03-30,8.73
2005-03-31,8.85
2005-04-01,8.86
2005-04-04,8.83
2005-04-05,8.91
2005-04-06,8.93
2005-04-07,8.97
2005-04-08,8.85
2005-04-11,8.77
2005-04-12,8.79
2005-04-13,8.87
2005-04-14,8.8
2005-04-15,8.57
2005-04-18,8.56
2005-04-19,8.67
2005-04-20,8.66
2005-04-21,8.98
2005-04-22,9.0
2005-04-25,9.21
2005-04-26,9.25
2005-04-27,9.2
2005-04-28,9.05
2005-04-29,9.04
2005-05-02,9.25
2005-05-03,9.34
2005-05-04,9.38
2005-05-05,9.46
2005-05-06,9.38
2005-05-09,9.43
2005-05-10,9.41
2005-05-11,9.39
2005-05-12,9.31
2005-05-13,9.32
2005-05-16,9.4
2005-05-17,9.47
2005-05-18,9.49
2005-05-19,9.45
2005-05-20,9.45
2005-05-23,9.44
2005-05-24,9.38
2005-05-25,9.32
2005-05-26,9.28
2005-05-27,9.31
2005-05-31,9.24
2005-06-01,9.42
2005-06-02,9.48
2005-06-03,9.41
2005-06-06,9.43
2005-06-07,9.43
2005-06-08,9.38
2005-06-09,9.44
2005-06-10,9.39
2005-06-13,9.35
2005-06-14,9.44
2005-06-15,9.4
2005-06-16,9.5
2005-06-17,9.36
2005-06-20,9.39
2005-06-21,9.4
2005-06-22,9.44
2005-06-23,9.49
2005-06-24,9.51
2005-06-27,9.65
2005-06-28,9.79
2005-06-29,9.89
2005-06-30,9.87
2005-07-01,10.03
2005-07-05,9.96
2005-07-06,9.93
2005-07-07,9.93
2005-07-08,10.02
2005-07-11,9.96
2005-07-12,9.99
2005-07-13,10.15
2005-07-14,10.16
2005-07-15,10.21
2005-07-18,10.22
2005-07-19,10.35
2005-07-20,10.52
2005-07-21,10.41
2005-07-22,10.48
2005-07-25,10.39
2005-07-26,10.36
2005-07-27,10.21
2005-07-28,10.29
2005-07-29,10.3
2005-08-01,10.38
2005-08-02,10.56
2005-08-03,10.97
2005-08-04,10.65
2005-08-05,10.52
2005-08-08,10.33
2005-08-09,10.34
2005-08-10,10.42
2005-08-11,10.33
2005-08-12,10.3
2005-08-15,10.35
2005-08-16,10.26
2005-08-17,10.08
2005-08-18,10.02
2005-08-19,10.05
2005-08-22,10.13
2005-08-23,10.08
2005-08-24,10.03
2005-08-25,10.0
2005-08-26,9.89
2005-08-29,9.92
2005-08-30,9.79
2005-08-31,9.7
2005-09-01,9.78
2005-09-02,9.76
2005-09-06,9.79
2005-09-07,9.79
2005-09-08,9.71
2005-09-09,9.74
2005-09-12,9.7
2005-09-13,9.52
2005-09-14,9.4
2005-09-15,9.52
2005-09-16,9.54
2005-09-19,9.69
2005-09-20,9.61
2005-09-21,9.36
2005-09-22,9.43
2005-09-23,9.54
2005-09-26,9.4
2005-09-27,9.53
2005-09-28,9.4
2005-09-29,9.54
2005-09-30,9.53
2005-10-03,9.66
2005-10-04,9.66
2005-10-05,9.54
2005-10-06,9.83
2005-10-07,10.0
2005-10-10,9.95
2005-10-11,9.89
2005-10-12,9.76
2005-10-13,9.81
2005-10-14,10.07
2005-10-17,10.08
2005-10-18,10.43
2005-10-19,10.66
2005-10-20,10.66
2005-10-21,10.68
2005-10-24,10.7
2005-10-25,10.58
2005-10-26,10.47
2005-10-27,10.49
2005-10-28,10.52
2005-10-31,10.66
2005-11-01,10.75
2005-11-02,10.9
2005-11-03,10.78
2005-11-04,10.88
2005-11-07,10.77
2005-11-08,10.63
2005-11-09,10.63
2005-11-10,10.93
2005-11-11,11.04
2005-11-14,10.99
2005-11-15,11.03
2005-11-16,10.96
2005-11-17,10.99
2005-11-18,10.93
2005-11-21,10.93
2005-11-22,10.93
2005-11-23,10.92
2005-11-25,10.92
2005-11-28,10.63
2005-11-29,10.52
2005-11-30,10.3
2005-12-01,10.42
2005-12-02,10.41
2005-12-05,10.31
2005-12-06,10.3
2005-12-07,10.31
2005-12-08,10.28
2005-12-09,10.39
2005-12-12,10.31
2005-12-13,10.42
2005-12-14,10.62
2005-12-15,10.43
2005-12-16,10.35
2005-12-19,10.33
2005-12-20,10.34
2005-12-21,10.37
2005-12-22,10.36
2005-12-23,10.4
2005-12-27,10.35
2005-12-28,10.37
2005-12-29,10.23
2005-12-30,10.28
2006-01-03,10.36
2006-01-04,10.55
2006-01-05,10.56
2006-01-06,10.61
2006-01-09,10.68
2006-01-10,10.7
2006-01-11,10.67
2006-01-12,10.51
2006-01-13,10.55
2006-01-17,10.54
2006-01-18,10.65
2006-01-19,10.5
2006-01-20,10.3
2006-01-23,10.34
2006-01-24,10.15
2006-01-25,10.21
2006-01-26,10.3
2006-01-27,10.28
2006-01-30,10.17
2006-01-31,10.23
2006-02-01,10.11
2006-02-02,10.18
2006-02-03,10.09
2006-02-06,10.09
2006-02-07,10.1
2006-02-08,10.16
2006-02-09,10.13
2006-02-10,10.34
2006-02-13,10.2
2006-02-14,10.3
2006-02-15,10.35
2006-02-16,10.46
2006-02-17,10.37
2006-02-21,10.35
2006-02-22,10.5
2006-02-23,10.38
2006-02-24,10.38
2006-02-27,10.43
2006-02-28,10.32
2006-03-01,10.33
2006-03-02,10.26
2006-03-03,10.32
2006-03-06,10.36
2006-03-07,10.38
2006-03-08,10.47
2006-03-09,10.47
2006-03-10,10.58
2006-03-13,10.63
2006-03-14,10.83
2006-03-15,10.98
2006-03-16,11.07
2006-03-17,11.15
2006-03-20,11.15
2006-03-21,11.17
2006-03-22,11.21
2006-03-23,11.13
2006-03-24,11.04
2006-03-27,10.98
2006-03-28,10.86
2006-03-29,10.88
2006-03-30,10.81
2006-03-31,10.92
2006-04-03,11.06
2006-04-04,11.13
2006-04-05,11.17
2006-04-06,11.18
2006-04-07,11.25
2006-04-10,11.2
2006-04-11,11.05
2006-04-12,11.07
2006-04-13,11.04
2006-04-17,11.2
2006-04-18,11.31
2006-04-19,11.41
2006-04-20,11.31
2006-04-21,11.11
2006-04-24,11.02
2006-04-25,10.96
2006-04-26,10.93
2006-04-27,11.01
2006-04-28,11.01
2006-05-01,10.98
2006-05-02,10.89
2006-05-03,10.86
2006-05-04,10.88
2006-05-05,10.91
2006-05-08,10.97
2006-05-09,11.0
2006-05-10,11.01
2006-05-11,10.87
2006-05-12,10.74
2006-05-15,10.71
2006-05-16,10.61
2006-05-17,10.42
2006-05-18,10.39
2006-05-19,10.52
2006-05-22,10.62
2006-05-23,10.53
2006-05-24,10.54
2006-05-25,10.63
2006-05-26,11.32
2006-05-30,11.14
2006-05-31,11.06
2006-06-01,11.15
2006-06-02,11.24
2006-06-05,11.19
2006-06-06,11.13
2006-06-07,11.32
2006-06-08,11.31
2006-06-09,11.42
2006-06-12,11.28
2006-06-13,11.07
2006-06-14,10.97
2006-06-15,11.24
2006-06-16,11.14
2006-06-19,10.97
2006-06-20,10.9
2006-06-21,10.97
2006-06-22,11.01
2006-06-23,10.93
2006-06-26,11.05
2006-06-27,10.9
2006-06-28,10.9
2006-06-29,11.02
2006-06-30,11.04
2006-07-03,11.15
2006-07-05,10.99
2006-07-06,11.0
2006-07-07,10.94
2006-07-10,10.96
2006-07-11,10.94
2006-07-12,10.86
2006-07-13,10.83
2006-07-14,10.77
2006-07-17,10.82
2006-07-18,11.1
2006-07-19,11.31
2006-07-20,11.29
2006-07-21,11.5
2006-07-24,11.7
2006-07-25,11.95
2006-07-26,12.1
2006-07-27,12.17
2006-07-28,12.26
2006-07-31,12.14
2006-08-01,12.06
2006-08-02,12.06
2006-08-03,12.11
2006-08-04,12.14
2006-08-07,12.13
2006-08-08,12.14
2006-08-09,11.98
2006-08-10,12.02
2006-08-11,12.08
2006-08-14,12.14
2006-08-15,12.34
2006-08-16,12.51
2006-08-17,12.51
2006-08-18,12.55
2006-08-21,12.44
2006-08-22,12.4
2006-08-23,12.21
2006-08-24,12.16
2006-08-25,12.09
2006-08-28,12.14
2006-08-29,12.1
2006-08-30,12.15
2006-08-31,12.23
2006-09-01,12.31
2006-09-05,12.5
2006-09-06,12.77
2006-09-07,12.67
2006-09-08,12.56
2006-09-11,12.56
2006-09-12,12.48
2006-09-13,12.49
2006-09-14,12.46
2006-09-15,12.5
2006-09-18,12.48
2006-09-19,12.65
2006-09-20,13.52
2006-09-21,13.2
2006-09-22,13.16
2006-09-25,13.0
2006-09-26,13.13
2006-09-27,13.28
2006-09-28,13.31
2006-09-29,13.4
2006-10-02,13.33
2006-10-03,13.46
2006-10-04,13.47
2006-10-05,13.68
2006-10-06,13.61
2006-10-09,13.55
2006-10-10,13.59
2006-10-11,13.71
2006-10-12,13.77
2006-10-13,13.79
2006-10-16,13.81
2006-10-17,13.81
2006-10-18,13.83
2006-10-19,13.87
2006-10-20,13.91
2006-10-23,13.95
2006-10-24,13.89
2006-10-25,13.79
2006-10-26,13.79
2006-10-27,13.67
2006-10-30,13.76
2006-10-31,13.86
2006-11-01,13.84
2006-11-02,13.86
2006-11-03,14.93
2006-11-06,15.03
2006-11-07,15.15
2006-11-08,15.26
2006-11-09,15.15
2006-11-10,15.21
2006-11-13,15.17
2006-11-14,15.24
2006-11-15,15.29
2006-11-16,15.26
2006-11-17,15.22
2006-11-20,15.12
2006-11-21,15.0
2006-11-22,15.04
2006-11-24,14.92
2006-11-27,14.77
2006-11-28,14.86
2006-11-29,15.1
2006-11-30,15.18
2006-12-01,15.19
2006-12-04,15.3
2006-12-05,15.4
2006-12-06,15.29
2006-12-07,15.19
2006-12-08,15.09
2006-12-11,15.29
2006-12-12,15.27
2006-12-13,15.3
2006-12-14,15.22
2006-12-15,15.26
2006-12-18,15.26
2006-12-19,15.31
2006-12-20,15.32
2006-12-21,15.31
2006-12-22,15.21
2006-12-26,15.34
2006-12-27,15.43
2006-12-28,15.35
2006-12-29,15.19
2007-01-03,15.21
2007-01-04,15.15
2007-01-05,14.98
2007-01-08,15.02
2007-01-09,14.91
2007-01-10,15.04
2007-01-11,15.18
2007-01-12,15.18
2007-01-16,15.11
2007-01-17,15.05
2007-01-18,15.11
2007-01-19,15.15
2007-01-22,15.26
2007-01-23,15.19
2007-01-24,15.32
2007-01-25,15.23
2007-01-26,15.15
2007-01-29,15.28
2007-01-30,15.42
2007-01-31,15.4
2007-02-01,15.46
2007-02-02,15.41
2007-02-05,15.4
2007-02-06,15.48
2007-02-07,15.55
2007-02-08,15.53
2007-02-09,15.52
2007-02-12,15.49
2007-02-13,15.52
2007-02-14,15.57
2007-02-15,15.53
2007-02-16,15.6
2007-02-20,15.67
2007-02-21,15.68
2007-02-22,15.65
2007-02-23,15.67
2007-02-26,15.58
2007-02-27,15.23
2007-02-28,15.2
2007-03-01,15.15
2007-03-02,15.02
2007-03-05,14.78
2007-03-06,14.89
2007-03-07,14.71
2007-03-08,14.84
2007-03-09,14.79
2007-03-12,14.72
2007-03-13,14.37
2007-03-14,14.51
2007-03-15,14.64
2007-03-16,14.44
2007-03-19,14.66
2007-03-20,14.98
2007-03-21,15.08
2007-03-22,15.03
2007-03-23,15.11
2007-03-26,15.29
2007-03-27,15.31
2007-03-28,15.01
2007-03-29,15.21
2007-03-30,15.2
2007-04-02,15.13
2007-04-03,15.08
2007-04-04,15.09
2007-04-05,15.15
2007-04-09,15.21
2007-04-10,15.13
2007-04-11,14.91
2007-04-12,14.97
2007-04-13,14.82
2007-04-16,14.92
2007-04-17,14.96
2007-04-18,14.99
2007-04-19,14.95
2007-04-20,14.91
2007-04-23,14.67
2007-04-24,14.43
2007-04-25,14.34
2007-04-26,14.42
2007-04-27,14.48
2007-04-30,14.41
2007-05-01,14.52
2007-05-02,14.61
2007-05-03,14.67
2007-05-04,14.69
2007-05-07,14.69
2007-05-08,14.75
2007-05-09,14.85
2007-05-10,14.66
2007-05-11,14.74
2007-05-14,14.61
2007-05-15,14.46
2007-05-16,14.44
2007-05-17,14.47
2007-05-18,14.46
2007-05-21,14.43
2007-05-22,14.45
2007-05-23,14.66
2007-05-24,14.48
2007-05-25,14.45
2007-05-29,14.55
2007-05-30,14.56
2007-05-31,14.61
2007-06-01,14.68
2007-06-04,14.66
2007-06-05,14.48
2007-06-06,14.38
2007-06-07,14.14
2007-06-08,14.07
2007-06-11,14.19
2007-06-12,14.02
2007-06-13,14.06
2007-06-14,14.14
2007-06-15,14.04
2007-06-18,14.25
2007-06-19,14.12
2007-06-20,13.79
2007-06-21,13.97
2007-06-22,13.76
2007-06-25,13.54
2007-06-26,13.54
2007-06-27,13.15
2007-06-28,13.06
2007-06-29,12.83
2007-07-02,13.11
2007-07-03,13.2
2007-07-05,13.09
2007-07-06,13.06
2007-07-09,13.09
2007-07-10,12.93
2007-07-11,12.79
2007-07-12,13.17
2007-07-13,13.24
2007-07-16,12.88
2007-07-17,12.7
2007-07-18,12.57
2007-07-19,12.78
2007-07-20,12.98
2007-07-23,12.84
2007-07-24,12.27
2007-07-25,12.34
2007-07-26,12.11
2007-07-27,11.96
2007-07-30,11.92
2007-07-31,11.76
2007-08-01,11.53
2007-08-02,11.61
2007-08-03,10.94
2007-08-06,11.27
2007-08-07,11.43
2007-08-08,11.98
2007-08-09,11.65
2007-08-10,11.87
2007-08-13,11.71
2007-08-14,11.51
2007-08-15,11.65
2007-08-16,12.21
2007-08-17,12.63
2007-08-20,12.82
2007-08-21,13.28
2007-08-22,13.24
2007-08-23,13.02
2007-08-24,13.04
2007-08-27,12.73
2007-08-28,12.48
2007-08-29,12.89
2007-08-30,12.89
2007-08-31,12.9
2007-09-04,13.05
2007-09-05,12.74
2007-09-06,12.77
2007-09-07,12.62
2007-09-10,12.4
2007-09-11,12.47
2007-09-12,12.43
2007-09-13,12.41
2007-09-14,12.42
2007-09-17,12.4
2007-09-18,12.75
2007-09-19,12.81
2007-09-20,12.71
2007-09-21,12.62
2007-09-24,12.59
2007-09-25,12.36
2007-09-26,12.43
2007-09-27,12.57
2007-09-28,12.61
2007-10-01,12.81
2007-10-02,13.02
2007-10-03,12.9
2007-10-04,12.82
2007-10-05,12.84
2007-10-08,12.78
2007-10-09,12.99
2007-10-10,13.29
2007-10-11,13.22
2007-10-12,13.15
2007-10-15,12.86
2007-10-16,12.59
2007-10-17,12.53
2007-10-18,12.98
2007-10-19,13.01
2007-10-22,13.08
2007-10-23,13.49
2007-10-24,13.43
2007-10-25,13.06
2007-10-26,13.17
2007-10-29,13.05
2007-10-30,12.98
2007-10-31,13.07
2007-11-01,12.62
2007-11-02,12.3
2007-11-05,12.26
2007-11-06,12.51
2007-11-07,11.87
2007-11-08,11.99
2007-11-09,12.39
2007-11-12,12.14
2007-11-13,12.39
2007-11-14,12.41
2007-11-15,12.04
2007-11-16,12.2
2007-11-19,12.02
2007-11-20,12.02
2007-11-21,11.89
2007-11-23,12.28
2007-11-26,11.73
2007-11-27,12.05
2007-11-28,12.56
2007-11-29,12.34
2007-11-30,12.48
2007-12-03,12.31
2007-12-04,11.99
2007-12-05,12.26
2007-12-06,12.57
2007-12-07,12.54
2007-12-10,12.84
2007-12-11,12.34
2007-12-12,12.18
2007-12-13,12.44
2007-12-14,12.28
2007-12-17,12.01
2007-12-18,12.28
2007-12-19,12.33
2007-12-20,12.34
2007-12-21,12.48
2007-12-24,12.64
2007-12-26,12.74
2007-12-27,12.72
2007-12-28,12.84
2007-12-31,13.09
2008-01-02,12.77
2008-01-03,12.78
2008-01-04,12.45
2008-01-07,12.53
2008-01-08,12.2
2008-01-09,12.17
2008-01-10,12.42
2008-01-11,12.27
2008-01-14,12.06
2008-01-15,11.74
2008-01-16,11.78
2008-01-17,11.21
2008-01-18,11.33
2008-01-22,11.09
2008-01-23,11.78
2008-01-24,11.98
2008-01-25,11.78
2008-01-28,11.73
2008-01-29,11.87
2008-01-30,11.65
2008-01-31,12.52
2008-02-01,12.94
2008-02-04,12.57
2008-02-05,12.54
2008-02-06,12.52
2008-02-07,12.77
2008-02-08,12.66
2008-02-11,12.62
2008-02-12,12.66
2008-02-13,12.61
2008-02-14,12.59
2008-02-15,12.85
2008-02-19,12.45
2008-02-20,12.6
2008-02-21,12.49
2008-02-22,12.55
2008-02-25,12.75
2008-02-26,12.81
2008-02-27,12.71
2008-02-28,12.69
2008-02-29,12.5
2008-03-03,12.26
2008-03-04,12.29
2008-03-05,12.19
2008-03-06,11.99
2008-03-07,11.82
2008-03-10,11.67
2008-03-11,12.57
2008-03-12,12.19
2008-03-13,12.42
2008-03-14,12.23
2008-03-17,12.37
2008-03-18,12.95
2008-03-19,12.42
2008-03-20,13.0
2008-03-24,12.76
2008-03-25,13.44
2008-03-26,13.02
2008-03-27,13.2
2008-03-28,12.79
2008-03-31,12.83
2008-04-01,13.58
2008-04-02,13.51
2008-04-03,13.33
2008-04-04,13.24
2008-04-07,13.38
2008-04-08,13.42
2008-04-09,13.27
2008-04-10,13.18
2008-04-11,13.11
2008-04-14,12.82
2008-04-15,12.9
2008-04-16,13.34
2008-04-17,12.8
2008-04-18,12.86
2008-04-21,12.85
2008-04-22,12.57
2008-04-23,12.53
2008-04-24,13.0
2008-04-25,13.26
2008-04-28,13.05
2008-04-29,13.08
2008-04-30,12.69
2008-05-01,13.1
2008-05-02,12.93
2008-05-05,13.07
2008-05-06,12.84
2008-05-07,12.61
2008-05-08,12.61
2008-05-09,12.75
2008-05-12,13.0
2008-05-13,13.02
2008-05-14,12.77
2008-05-15,12.72
2008-05-16,12.45
2008-05-19,12.31
2008-05-20,12.48
2008-05-21,12.25
2008-05-22,12.48
2008-05-23,12.28
2008-05-27,12.33
2008-05-28,12.44
2008-05-29,12.58
2008-05-30,12.36
2008-06-02,12.43
2008-06-03,12.49
2008-06-04,12.53
2008-06-05,12.77
2008-06-06,12.24
2008-06-09,12.26
2008-06-10,12.49
2008-06-11,12.31
2008-06-12,12.61
2008-06-13,12.7
2008-06-16,12.75
2008-06-17,12.63
2008-06-18,12.42
2008-06-19,12.18
2008-06-20,12.22
2008-06-23,11.98
2008-06-24,11.97
2008-06-25,12.1
2008-06-26,12.02
2008-06-27,11.83
2008-06-30,11.66
2008-07-01,11.64
2008-07-02,11.66
2008-07-03,11.44
2008-07-07,11.35
2008-07-08,12.04
2008-07-09,11.58
2008-07-10,11.59
2008-07-11,11.41
2008-07-14,11.15
2008-07-15,10.9
2008-07-16,11.81
2008-07-17,11.96
2008-07-18,12.52
2008-07-21,12.23
2008-07-22,12.64
2008-07-23,12.65
2008-07-24,12.09
2008-07-25,12.16
2008-07-28,11.8
2008-07-29,12.53
2008-07-30,12.79
2008-07-31,12.81
2008-08-01,13.11
2008-08-04,13.02
2008-08-05,13.27
2008-08-06,13.32
2008-08-07,12.62
2008-08-08,12.99
2008-08-11,13.23
2008-08-12,12.88
2008-08-13,12.42
2008-08-14,12.86
2008-08-15,13.2
2008-08-18,12.98
2008-08-19,12.79
2008-08-20,12.55
2008-08-21,12.66
2008-08-22,12.87
2008-08-25,12.79
2008-08-26,12.88
2008-08-27,13.09
2008-08-28,13.59
2008-08-29,13.52
2008-09-02,13.36
2008-09-03,13.63
2008-09-04,13.5
2008-09-05,13.9
2008-09-08,14.34
2008-09-09,14.19
2008-09-10,13.93
2008-09-11,13.78
2008-09-12,14.28
2008-09-15,13.76
2008-09-16,14.17
2008-09-17,13.52
2008-09-18,14.81
2008-09-19,16.41
2008-09-22,13.84
2008-09-23,13.9
2008-09-24,13.32
2008-09-25,13.59
2008-09-26,13.43
2008-09-29,12.32
2008-09-30,14.52
2008-10-01,14.94
2008-10-02,13.81
2008-10-03,13.77
2008-10-06,13.38
2008-10-07,13.24
2008-10-08,13.53
2008-10-09,12.39
2008-10-10,11.32
2008-10-13,12.45
2008-10-14,12.37
2008-10-15,11.73
2008-10-16,12.46
2008-10-17,12.8
2008-10-20,13.34
2008-10-21,13.01
2008-10-22,12.23
2008-10-23,12.52
2008-10-24,12.14
2008-10-27,11.75
2008-10-28,13.13
2008-10-29,12.59
2008-10-30,13.06
2008-10-31,13.32
2008-11-03,13.07
2008-11-04,13.54
2008-11-05,13.0
2008-11-06,12.77
2008-11-07,12.67
2008-11-10,13.47
2008-11-11,13.69
2008-11-12,13.65
2008-11-13,14.18
2008-11-14,13.81
2008-11-17,13.85
2008-11-18,13.62
2008-11-19,12.88
2008-11-20,12.76
2008-11-21,13.3
2008-11-24,14.12
2008-11-25,14.19
2008-11-26,14.34
2008-11-28,14.51
2008-12-01,12.61
2008-12-02,13.69
2008-12-03,14.18
2008-12-04,13.27
2008-12-05,13.98
2008-12-08,13.85
2008-12-09,13.67
2008-12-10,13.66
2008-12-11,12.79
2008-12-12,13.26
2008-12-15,13.11
2008-12-16,13.8
2008-12-17,13.58
2008-12-18,13.22
2008-12-19,13.32
2008-12-22,13.13
2008-12-23,12.95
2008-12-24,13.18
2008-12-26,13.17
2008-12-29,13.12
2008-12-30,13.38
2008-12-31,13.57
2009-01-02,13.54
2009-01-05,13.15
2009-01-06,12.98
2009-01-07,12.84
2009-01-08,13.17
2009-01-09,12.61
2009-01-12,12.4
2009-01-13,12.68
2009-01-14,12.3
2009-01-15,12.67
2009-01-16,12.81
2009-01-20,12.23
2009-01-21,13.03
2009-01-22,12.46
2009-01-23,13.2
2009-01-26,12.91
2009-01-27,13.32
2009-01-28,13.32
2009-01-29,12.67
2009-01-30,12.56
2009-02-02,12.82
2009-02-03,12.86
2009-02-04,12.86
2009-02-05,13.09
2009-02-06,13.5
2009-02-09,13.58
2009-02-10,13.02
2009-02-11,13.38
2009-02-12,13.28
2009-02-13,13.12
2009-02-17,12.69
2009-02-18,12.73
2009-02-19,12.34
2009-02-20,12.41
2009-02-23,12.17
2009-02-24,12.76
2009-02-25,12.96
2009-02-26,13.2
2009-02-27,13.36
2009-03-02,13.06
2009-03-03,13.17
2009-03-04,13.39
2009-03-05,12.79
2009-03-06,12.95
2009-03-09,13.25
2009-03-10,13.62
2009-03-11,13.4
2009-03-12,13.7
2009-03-13,13.37
2009-03-16,13.01
2009-03-17,13.35
2009-03-18,13.65
2009-03-19,13.03
2009-03-20,12.77
2009-03-23,13.67
2009-03-24,12.92
2009-03-25,13.16
2009-03-26,13.5
2009-03-27,13.39
2009-03-30,13.4
2009-03-31,13.79
2009-04-01,13.99
2009-04-02,13.88
2009-04-03,13.68
2009-04-06,13.65
2009-04-07,13.74
2009-04-08,13.8
2009-04-09,14.04
2009-04-13,13.99
2009-04-14,13.08
2009-04-15,13.3
2009-04-16,13.09
2009-04-17,12.56
2009-04-20,11.99
2009-04-21,12.73
2009-04-22,12.23
2009-04-23,12.39
2009-04-24,12.17
2009-04-27,12.03
2009-04-28,12.31
2009-04-29,12.46
2009-04-30,12.1
2009-05-01,11.96
2009-05-04,12.58
2009-05-05,12.54
2009-05-06,12.65
2009-05-07,12.27
2009-05-08,12.69
2009-05-11,12.72
2009-05-12,12.78
2009-05-13,12.67
2009-05-14,12.71
2009-05-15,12.47
2009-05-18,12.92
2009-05-19,12.43
2009-05-20,12.23
2009-05-21,11.89
2009-05-22,12.04
2009-05-26,12.33
2009-05-27,11.84
2009-05-28,12.01
2009-05-29,12.24
2009-06-01,11.94
2009-06-02,12.03
2009-06-03,12.15
2009-06-04,12.35
2009-06-05,12.1
2009-06-08,12.1
2009-06-09,12.07
2009-06-10,12.02
2009-06-11,12.16
2009-06-12,11.98
2009-06-15,11.87
2009-06-16,11.79
2009-06-17,11.72
2009-06-18,11.77
2009-06-19,11.71
2009-06-22,11.66
2009-06-23,11.58
2009-06-24,11.59
2009-06-25,11.81
2009-06-26,11.66
2009-06-29,11.86
2009-06-30,11.68
2009-07-01,11.82
2009-07-02,11.72
2009-07-06,11.93
2009-07-07,11.73
2009-07-08,11.63
2009-07-09,11.72
2009-07-10,11.78
2009-07-13,12.17
2009-07-14,11.9
2009-07-15,12.02
2009-07-16,12.2
2009-07-17,11.86
2009-07-20,11.81
2009-07-21,11.85
2009-07-22,11.91
2009-07-23,12.27
2009-07-24,12.2
2009-07-27,12.52
2009-07-28,12.58
2009-07-29,12.72
2009-07-30,12.85
2009-07-31,12.71
2009-08-03,12.95
2009-08-04,13.15
2009-08-05,13.36
2009-08-06,13.19
2009-08-07,13.38
2009-08-10,13.36
2009-08-11,13.18
2009-08-12,13.31
2009-08-13,13.3
2009-08-14,13.1
2009-08-17,12.94
2009-08-18,12.81
2009-08-19,12.82
2009-08-20,12.7
2009-08-21,12.8
2009-08-24,12.78
2009-08-25,12.68
2009-08-26,12.7
2009-08-27,12.7
2009-08-28,12.56
2009-08-31,12.57
2009-09-01,12.31
2009-09-02,12.27
2009-09-03,12.38
2009-09-04,12.41
2009-09-08,12.41
2009-09-09,12.42
2009-09-10,12.53
2009-09-11,12.41
2009-09-14,12.43
2009-09-15,12.49
2009-09-16,12.7
2009-09-17,12.63
2009-09-18,12.7
2009-09-21,12.54
2009-09-22,12.54
2009-09-23,12.37
2009-09-24,12.27
2009-09-25,12.25
2009-09-28,12.43
2009-09-29,12.35
2009-09-30,12.17
2009-10-01,12.01
2009-10-02,11.98
2009-10-05,12.06
2009-10-06,11.99
2009-10-07,12.13
2009-10-08,12.12
2009-10-09,12.27
2009-10-12,12.2
2009-10-13,12.23
2009-10-14,12.27
2009-10-15,12.41
2009-10-16,12.63
2009-10-19,12.95
2009-10-20,12.95
2009-10-21,12.91
2009-10-22,13.14
2009-10-23,12.99
2009-10-26,12.87
2009-10-27,12.83
2009-10-28,12.84
2009-10-29,12.93
2009-10-30,12.66
2009-11-02,12.56
2009-11-03,12.48
2009-11-04,12.36
2009-11-05,12.63
2009-11-06,12.56
2009-11-09,12.64
2009-11-10,12.65
2009-11-11,12.77
2009-11-12,12.68
2009-11-13,12.81
2009-11-16,13.07
2009-11-17,13.17
2009-11-18,13.19
2009-11-19,13.01
2009-11-20,13.01
2009-11-23,12.66
2009-11-24,12.99
2009-11-25,13.01
2009-11-27,12.93
2009-11-30,12.86
2009-12-01,12.74
2009-12-02,12.79
2009-12-03,12.63
2009-12-04,12.82
2009-12-07,12.67
2009-12-08,12.72
2009-12-09,12.85
2009-12-10,12.92
2009-12-11,13.03
2009-12-14,13.23
2009-12-15,13.04
2009-12-16,13.14
2009-12-17,13.13
2009-12-18,13.4
2009-12-21,13.42
2009-12-22,13.45
2009-12-23,13.3
2009-12-24,13.37
2009-12-28,13.25
2009-12-29,13.24
2009-12-30,13.26
2009-12-31,13.19
2010-01-04,13.23
2010-01-05,13.31
2010-01-06,13.3
2010-01-07,13.36
2010-01-08,13.42
2010-01-11,13.29
2010-01-12,13.06
2010-01-13,13.19
2010-01-14,13.31
2010-01-15,13.12
2010-01-19,13.15
2010-01-20,13.13
2010-01-21,13.09
2010-01-22,12.75
2010-01-25,12.85
2010-01-26,12.56
2010-01-27,12.61
2010-01-28,12.47
2010-01-29,12.89
2010-02-01,12.57
2010-02-02,12.49
2010-02-03,12.37
2010-02-04,12.11
2010-02-05,12.24
2010-02-08,12.15
2010-02-09,12.37
2010-02-10,12.36
2010-02-11,12.42
2010-02-12,12.43
2010-02-16,12.62
2010-02-17,12.62
2010-02-18,12.41
2010-02-19,12.6
2010-02-22,12.5
2010-02-23,12.36
2010-02-24,12.54
2010-02-25,12.49
2010-02-26,12.56
2010-03-01,12.53
2010-03-02,12.45
2010-03-03,12.31
2010-03-04,12.25
2010-03-05,12.44
2010-03-08,12.47
2010-03-09,12.45
2010-03-10,12.42
2010-03-11,12.54
2010-03-12,12.42
2010-03-15,12.39
2010-03-16,12.41
2010-03-17,12.45
2010-03-18,12.4
2010-03-19,12.59
2010-03-22,12.57
2010-03-23,12.53
2010-03-24,12.39
2010-03-25,12.49
2010-03-26,12.5
2010-03-29,12.56
2010-03-30,12.51
2010-03-31,12.45
2010-04-01,12.52
2010-04-05,12.45
2010-04-06,12.61
2010-04-07,12.89
2010-04-08,13.13
2010-04-09,13.2
2010-04-12,13.23
2010-04-13,13.27
2010-04-14,13.18
2010-04-15,13.27
2010-04-16,13.08
2010-04-19,12.76
2010-04-20,12.97
2010-04-21,12.89
2010-04-22,12.78
2010-04-23,12.68
2010-04-26,12.8
2010-04-27,12.48
2010-04-28,12.57
2010-04-29,12.54
2010-04-30,12.5
2010-05-03,12.46
2010-05-04,12.24
2010-05-05,12.08
2010-05-06,11.76
2010-05-07,11.59
2010-05-10,12.05
2010-05-11,11.85
2010-05-12,11.94
2010-05-13,11.82
2010-05-14,11.72
2010-05-17,11.92
2010-05-18,11.81
2010-05-19,11.8
2010-05-20,11.51
2010-05-21,11.57
2010-05-24,11.43
2010-05-25,11.4
2010-05-26,11.31
2010-05-27,11.39
2010-05-28,11.25
2010-06-01,11.14
2010-06-02,11.26
2010-06-03,11.21
2010-06-04,11.23
2010-06-07,11.27
2010-06-08,11.39
2010-06-09,11.31
2010-06-10,11.47
2010-06-11,11.42
2010-06-14,11.34
2010-06-15,11.43
2010-06-16,11.74
2010-06-17,11.74
2010-06-18,11.71
2010-06-21,11.81
2010-06-22,11.43
2010-06-23,11.37
2010-06-24,11.17
2010-06-25,11.28
2010-06-28,11.1
2010-06-29,10.9
2010-06-30,10.87
2010-07-01,10.89
2010-07-02,10.76
2010-07-06,10.81
2010-07-07,11.12
2010-07-08,11.05
2010-07-09,11.18
2010-07-12,11.36
2010-07-13,11.36
2010-07-14,11.35
2010-07-15,11.39
2010-07-16,10.98
2010-07-19,11.1
2010-07-20,11.34
2010-07-21,10.98
2010-07-22,11.22
2010-07-23,11.31
2010-07-26,11.42
2010-07-27,11.43
2010-07-28,11.37
2010-07-29,11.27
2010-07-30,11.27
2010-08-02,11.32
2010-08-03,11.19
2010-08-04,11.13
2010-08-05,11.14
2010-08-06,11.05
2010-08-09,11.14
2010-08-10,11.19
2010-08-11,10.91
2010-08-12,10.79
2010-08-13,10.76
2010-08-16,10.88
2010-08-17,10.97
2010-08-18,10.93
2010-08-19,10.69
2010-08-20,10.78
2010-08-23,10.7
2010-08-24,10.45
2010-08-25,10.4
2010-08-26,10.32
2010-08-27,10.41
2010-08-30,10.28
2010-08-31,10.34
2010-09-01,10.36
2010-09-02,10.36
2010-09-03,10.49
2010-09-07,10.54
2010-09-08,10.63
2010-09-09,10.71
2010-09-10,10.67
2010-09-13,10.8
2010-09-14,10.67
2010-09-15,10.7
2010-09-16,10.61
2010-09-17,10.55
2010-09-20,10.67
2010-09-21,10.58
2010-09-22,10.46
2010-09-23,10.41
2010-09-24,10.71
2010-09-27,10.5
2010-09-28,10.62
2010-09-29,10.62
2010-09-30,10.66
2010-10-01,10.62
2010-10-04,10.67
2010-10-05,10.82
2010-10-06,10.93
2010-10-07,10.9
2010-10-08,10.84
2010-10-11,10.81
2010-10-12,10.85
2010-10-13,10.8
2010-10-14,10.74
2010-10-15,10.71
2010-10-18,10.71
2010-10-19,10.73
2010-10-20,10.74
2010-10-21,10.62
2010-10-22,10.27
2010-10-25,10.31
2010-10-26,10.23
2010-10-27,10.22
2010-10-28,10.08
2010-10-29,10.14
2010-11-01,10.23
2010-11-02,10.28
2010-11-03,10.27
2010-11-04,10.38
2010-11-05,10.46
2010-11-08,10.32
2010-11-09,10.35
2010-11-10,10.44
2010-11-11,10.39
2010-11-12,10.3
2010-11-15,10.44
2010-11-16,10.3
2010-11-17,10.34
2010-11-18,10.35
2010-11-19,10.34
2010-11-22,10.28
2010-11-23,10.13
2010-11-24,10.19
2010-11-26,10.19
2010-11-29,10.19
2010-11-30,10.21
2010-12-01,10.35
2010-12-02,10.64
2010-12-03,10.68
2010-12-06,10.74
2010-12-07,10.77
2010-12-08,11.1
2010-12-09,11.09
2010-12-10,11.21
2010-12-13,11.07
2010-12-14,11.04
2010-12-15,11.09
2010-12-16,11.12
2010-12-17,11.22
2010-12-20,11.26
2010-12-21,11.27
2010-12-22,11.5
2010-12-23,11.47
2010-12-27,11.55
2010-12-28,11.59
2010-12-29,11.57
2010-12-30,11.62
2010-12-31,11.55
2011-01-03,11.61
2011-01-04,11.58
2011-01-05,11.66
2011-01-06,11.67
2011-01-07,11.74
2011-01-10,11.57
2011-01-11,11.57
2011-01-12,11.66
2011-01-13,11.71
2011-01-14,11.89
2011-01-18,11.74
2011-01-19,11.5
2011-01-20,11.29
2011-01-21,10.88
2011-01-24,10.88
2011-01-25,11.01
2011-01-26,10.98
2011-01-27,10.99
2011-01-28,10.81
2011-01-31,10.77
2011-02-01,11.01
2011-02-02,10.99
2011-02-03,11.02
2011-02-04,11.0
2011-02-07,10.97
2011-02-08,11.14
2011-02-09,11.08
2011-02-10,10.93
2011-02-11,10.95
2011-02-14,11.1
2011-02-15,11.18
2011-02-16,11.28
2011-02-17,11.14
2011-02-18,11.17
2011-02-22,11.04
2011-02-23,10.93
2011-02-24,10.77
2011-02-25,10.93
2011-02-28,10.99
2011-03-01,10.73
2011-03-02,10.61
2011-03-03,10.68
2011-03-04,10.57
2011-03-07,10.37
2011-03-08,10.59
2011-03-09,10.58
2011-03-10,10.48
2011-03-11,10.47
2011-03-14,10.37
2011-03-15,10.26
2011-03-16,10.19
2011-03-17,10.3
2011-03-18,10.39
2011-03-21,10.31
2011-03-22,10.37
2011-03-23,10.18
2011-03-24,10.32
2011-03-25,10.54
2011-03-28,10.48
2011-03-29,10.51
2011-03-30,10.48
2011-03-31,10.49
2011-04-01,10.58
2011-04-04,10.57
2011-04-05,10.72
2011-04-06,10.93
2011-04-07,10.92
2011-04-08,10.74
2011-04-11,10.91
2011-04-12,10.72
2011-04-13,10.73
2011-04-14,10.68
2011-04-15,10.8
2011-04-18,10.69
2011-04-19,10.63
2011-04-20,10.71
2011-04-21,11.01
2011-04-25,11.09
2011-04-26,11.24
2011-04-27,11.38
2011-04-28,11.51
2011-04-29,11.56
2011-05-02,11.44
2011-05-03,11.55
2011-05-04,11.64
2011-05-05,11.39
2011-05-06,11.4
2011-05-09,11.38
2011-05-10,11.44
2011-05-11,11.33
2011-05-12,11.19
2011-05-13,11.11
2011-05-16,11.22
2011-05-17,11.31
2011-05-18,11.28
2011-05-19,11.39
2011-05-20,11.32
2011-05-23,11.23
2011-05-24,11.22
2011-05-25,11.22
2011-05-26,11.02
2011-05-27,11.15
2011-05-31,11.27
2011-06-01,10.96
2011-06-02,11.0
2011-06-03,10.83
2011-06-06,10.78
2011-06-07,10.79
2011-06-08,10.7
2011-06-09,10.71
2011-06-10,10.75
2011-06-13,10.89
2011-06-14,10.84
2011-06-15,10.78
2011-06-16,10.88
2011-06-17,11.03
2011-06-20,11.06
2011-06-21,11.06
2011-06-22,10.99
2011-06-23,10.93
2011-06-24,10.85
2011-06-27,10.85
2011-06-28,11.11
2011-06-29,11.19
2011-06-30,11.34
2011-07-01,11.46
2011-07-05,11.53
2011-07-06,11.57
2011-07-07,11.62
2011-07-08,11.53
2011-07-11,11.36
2011-07-12,11.49
2011-07-13,11.63
2011-07-14,11.44
2011-07-15,11.44
2011-07-18,11.31
2011-07-19,11.37
2011-07-20,11.39
2011-07-21,11.48
2011-07-22,11.21
2011-07-25,11.12
2011-07-26,11.07
2011-07-27,10.98
2011-07-28,10.84
2011-07-29,10.83
2011-08-01,10.67
2011-08-02,10.58
2011-08-03,10.64
2011-08-04,10.2
2011-08-05,10.07
2011-08-08,9.19
2011-08-09,9.72
2011-08-10,9.18
2011-08-11,9.62
2011-08-12,9.44
2011-08-15,9.84
2011-08-16,9.71
2011-08-17,9.61
2011-08-18,9.17
2011-08-19,9.02
2011-08-22,9.03
2011-08-23,9.3
2011-08-24,9.49
2011-08-25,9.3
2011-08-26,9.38
2011-08-29,9.78
2011-08-30,9.85
2011-08-31,10.04
2011-09-01,9.91
2011-09-02,9.74
2011-09-06,9.59
2011-09-07,10.09
2011-09-08,10.04
2011-09-09,9.95
2011-09-12,10.25
2011-09-13,10.43
2011-09-14,10.62
2011-09-15,10.61
2011-09-16,10.58
2011-09-19,10.41
2011-09-20,10.4
2011-09-21,9.89
2011-09-22,9.72
2011-09-23,9.88
2011-09-26,10.0
2011-09-27,10.07
2011-09-28,9.83
2011-09-29,10.03
2011-09-30,9.74
2011-10-03,9.52
2011-10-04,9.85
2011-10-05,9.88
2011-10-06,10.15
2011-10-07,9.91
2011-10-10,10.26
2011-10-11,10.34
2011-10-12,10.47
2011-10-13,10.41
2011-10-14,10.27
2011-10-17,10.09
2011-10-18,10.51
2011-10-19,10.39
2011-10-20,10.54
2011-10-21,10.46
2011-10-24,10.56
2011-10-25,10.36
2011-10-26,10.58
2011-10-27,11.03
2011-10-28,11.26
2011-10-31,11.03
2011-11-01,10.48
2011-11-02,10.7
2011-11-03,10.84
2011-11-04,10.72
2011-11-07,10.85
2011-11-08,11.11
2011-11-09,10.8
2011-11-10,10.93
2011-11-11,11.06
2011-11-14,10.82
2011-11-15,10.96
2011-11-16,10.83
2011-11-17,10.66
2011-11-18,10.53
2011-11-21,10.37
2011-11-22,10.35
2011-11-23,10.02
2011-11-25,10.22
2011-11-28,10.31
2011-11-29,10.2
2011-11-30,10.77
2011-12-01,10.82
2011-12-02,10.8
2011-12-05,10.93
2011-12-06,10.91
2011-12-07,10.95
2011-12-08,10.56
2011-12-09,10.81
2011-12-12,10.89
2011-12-13,10.67
2011-12-14,10.63
2011-12-15,10.66
2011-12-16,10.74
2011-12-19,10.53
2011-12-20,10.78
2011-12-21,10.79
2011-12-22,11.07
2011-12-23,11.02
2011-12-27,11.11
2011-12-28,10.99
2011-12-29,11.17
2011-12-30,11.11
2012-01-03,11.2
2012-01-04,11.38
2012-01-05,11.43
2012-01-06,11.61
2012-01-09,11.6
2012-01-10,11.62
2012-01-11,11.6
2012-01-12,11.7
2012-01-13,11.81
2012-01-17,11.74
2012-01-18,11.59
2012-01-19,11.58
2012-01-20,11.16
2012-01-23,11.16
2012-01-24,11.04
2012-01-25,11.02
2012-01-26,10.92
2012-01-27,11.0
2012-01-30,10.93
2012-01-31,10.8
2012-02-01,10.73
2012-02-02,10.75
2012-02-03,11.03
2012-02-06,10.95
2012-02-07,10.94
2012-02-08,10.98
2012-02-09,10.96
2012-02-10,10.95
2012-02-13,11.0
2012-02-14,11.02
2012-02-15,11.04
2012-02-16,11.12
2012-02-17,11.19
2012-02-21,11.17
2012-02-22,10.85
2012-02-23,10.97
2012-02-24,10.91
2012-02-27,11.03
2012-02-28,11.05
2012-02-29,11.03
2012-03-01,11.14
2012-03-02,11.14
2012-03-05,10.98
2012-03-06,10.81
2012-03-07,10.91
2012-03-08,10.9
2012-03-09,10.98
2012-03-12,11.0
2012-03-13,11.25
2012-03-14,11.35
2012-03-15,11.63
2012-03-16,11.65
2012-03-19,11.79
2012-03-20,11.74
2012-03-21,11.6
2012-03-22,11.56
2012-03-23,11.64
2012-03-26,11.73
2012-03-27,11.67
2012-03-28,11.69
2012-03-29,11.52
2012-03-30,11.59
2012-04-02,11.65
2012-04-03,11.81
2012-04-04,11.57
2012-04-05,11.48
2012-04-09,11.24
2012-04-10,10.95
2012-04-11,11.03
2012-04-12,11.16
2012-04-13,10.94
2012-04-16,11.15
2012-04-17,11.26
2012-04-18,11.2
2012-04-19,10.89
2012-04-20,10.87
2012-04-23,10.77
2012-04-24,10.86
2012-04-25,10.9
2012-04-26,10.96
2012-04-27,10.96
2012-04-30,10.94
2012-05-01,10.96
2012-05-02,10.99
2012-05-03,10.91
2012-05-04,10.81
2012-05-07,10.86
2012-05-08,10.81
2012-05-09,10.65
2012-05-10,10.71
2012-05-11,10.67
2012-05-14,10.57
2012-05-15,10.54
2012-05-16,10.48
2012-05-17,10.38
2012-05-18,10.33
2012-05-21,10.45
2012-05-22,10.56
2012-05-23,10.61
2012-05-24,10.58
2012-05-25,10.58
2012-05-29,10.6
2012-05-30,10.3
2012-05-31,10.32
2012-06-01,10.1
2012-06-04,10.08
2012-06-05,10.07
2012-06-06,10.11
2012-06-07,10.25
2012-06-08,10.39
2012-06-11,10.12
2012-06-12,10.18
2012-06-13,10.2
2012-06-14,10.29
2012-06-15,10.41
2012-06-18,10.38
2012-06-19,10.49
2012-06-20,10.43
2012-06-21,10.29
2012-06-22,10.41
2012-06-25,10.12
2012-06-26,10.06
2012-06-27,10.17
2012-06-28,10.17
2012-06-29,10.3
2012-07-02,10.49
2012-07-03,10.52
2012-07-05,10.49
2012-07-06,10.55
2012-07-09,10.42
2012-07-10,10.33
2012-07-11,10.5
2012-07-12,10.44
2012-07-13,10.69
2012-07-16,10.72
2012-07-17,10.83
2012-07-18,10.68
2012-07-19,10.63
2012-07-20,10.21
2012-07-23,10.09
2012-07-24,10.21
2012-07-25,10.17
2012-07-26,10.2
2012-07-27,10.31
2012-07-30,10.32
2012-07-31,10.31
2012-08-01,10.23
2012-08-02,10.21
2012-08-03,10.39
2012-08-06,10.48
2012-08-07,10.67
2012-08-08,10.74
2012-08-09,10.76
2012-08-10,10.74
2012-08-13,10.75
2012-08-14,10.71
2012-08-15,10.83
2012-08-16,10.92
2012-08-17,10.94
2012-08-20,10.94
2012-08-21,10.84
2012-08-22,10.86
2012-08-23,10.79
2012-08-24,10.86
2012-08-27,10.77
2012-08-28,10.74
2012-08-29,10.84
2012-08-30,10.78
2012-08-31,10.77
2012-09-04,10.77
2012-09-05,10.77
2012-09-06,10.94
2012-09-07,10.96
2012-09-10,10.83
2012-09-11,10.83
2012-09-12,10.92
2012-09-13,11.19
2012-09-14,11.2
2012-09-17,10.95
2012-09-18,10.87
2012-09-19,10.91
2012-09-20,10.87
2012-09-21,10.79
2012-09-24,10.94
2012-09-25,10.89
2012-09-26,10.85
2012-09-27,10.94
2012-09-28,10.92
2012-10-01,10.83
2012-10-02,10.9
2012-10-03,11.01
2012-10-04,11.19
2012-10-05,11.23
2012-10-08,11.14
2012-10-09,11.05
2012-10-10,10.96
2012-10-11,10.99
2012-10-12,10.83
2012-10-15,10.87
2012-10-16,10.75
2012-10-17,10.78
2012-10-18,10.83
2012-10-19,11.05
2012-10-22,11.17
2012-10-23,11.0
2012-10-24,10.92
2012-10-25,11.01
2012-10-26,10.93
2012-10-31,10.97
2012-11-01,11.09
2012-11-02,10.96
2012-11-05,10.88
2012-11-06,11.05
2012-11-07,10.85
2012-11-08,10.68
2012-11-09,10.57
2012-11-12,10.6
2012-11-13,10.47
2012-11-14,10.38
2012-11-15,10.6
2012-11-16,10.64
2012-11-19,10.75
2012-11-20,10.71
2012-11-21,10.66
2012-11-23,10.85
2012-11-26,10.97
2012-11-27,11.04
2012-11-28,10.99
2012-11-29,11.01
2012-11-30,11.11
2012-12-03,11.03
2012-12-04,11.03
2012-12-05,11.11
2012-12-06,11.07
2012-12-07,10.99
2012-12-10,11.08
2012-12-11,11.19
2012-12-12,11.17
2012-12-13,11.09
2012-12-14,11.08
2012-12-17,11.22
2012-12-18,11.3
2012-12-19,11.23
2012-12-20,11.25
2012-12-21,11.07
2012-12-24,11.06
2012-12-26,11.0
2012-12-27,11.0
2012-12-28,10.91
2012-12-31,11.02
2013-01-02,11.34
2013-01-03,11.38
2013-01-04,11.48
2013-01-07,11.45
2013-01-08,11.45
2013-01-09,11.46
2013-01-10,11.49
2013-01-11,11.48
2013-01-14,11.54
2013-01-15,11.54
2013-01-16,11.52
2013-01-17,11.58
2013-01-18,11.29
2013-01-22,11.43
2013-01-23,11.38
2013-01-24,11.4
2013-01-25,11.37
2013-01-28,11.4
2013-01-29,11.45
2013-01-30,11.4
2013-01-31,11.37
2013-02-01,11.55
2013-02-04,11.45
2013-02-05,11.57
2013-02-06,11.6
2013-02-07,11.56
2013-02-08,11.59
2013-02-11,11.62
2013-02-12,11.8
2013-02-13,11.87
2013-02-14,11.92
2013-02-15,11.96
2013-02-19,12.07
2013-02-20,11.99
2013-02-21,11.91
2013-02-22,11.95
2013-02-25,11.86
2013-02-26,11.88
2013-02-27,12.01
2013-02-28,12.09
2013-03-01,12.22
2013-03-04,12.2
2013-03-05,12.2
2013-03-06,12.21
2013-03-07,12.22
2013-03-08,12.27
2013-03-11,12.29
2013-03-12,12.25
2013-03-13,12.28
2013-03-14,12.4
2013-03-15,12.51
2013-03-18,12.48
2013-03-19,12.44
2013-03-20,12.45
2013-03-21,12.46
2013-03-22,12.36
2013-03-25,12.31
2013-03-26,12.4
2013-03-27,12.38
2013-03-28,12.39
2013-04-01,12.29
2013-04-02,12.1
2013-04-03,12.02
2013-04-04,12.09
2013-04-05,12.04
2013-04-08,12.16
2013-04-09,12.18
2013-04-10,12.37
2013-04-11,12.36
2013-04-12,12.28
2013-04-15,11.97
2013-04-16,12.07
2013-04-17,11.82
2013-04-18,11.78
2013-04-19,11.89
2013-04-22,11.98
2013-04-23,12.08
2013-04-24,12.1
2013-04-25,12.14
2013-04-26,12.12
2013-04-29,12.25
2013-04-30,12.3
2013-05-01,12.23
2013-05-02,12.37
2013-05-03,12.48
2013-05-06,12.69
2013-05-07,12.79
2013-05-08,12.64
2013-05-09,12.55
2013-05-10,12.63
2013-05-13,12.66
2013-05-14,12.71
2013-05-15,12.94
2013-05-16,12.9
2013-05-17,13.0
2013-05-20,13.22
2013-05-21,13.31
2013-05-22,13.11
2013-05-23,12.9
2013-05-24,12.91
2013-05-28,12.97
2013-05-29,12.97
2013-05-30,12.98
2013-05-31,12.88
2013-06-03,12.97
2013-06-04,12.87
2013-06-05,12.76
2013-06-06,12.89
2013-06-07,13.01
2013-06-10,13.07
2013-06-11,12.96
2013-06-12,12.75
2013-06-13,12.96
2013-06-14,12.86
2013-06-17,13.0
2013-06-18,13.36
2013-06-19,13.22
2013-06-20,13.32
2013-06-21,13.5
2013-06-24,13.6
2013-06-25,13.75
2013-06-26,13.85
2013-06-27,13.98
2013-06-28,13.93
2013-07-01,13.99
2013-07-02,14.01
2013-07-03,14.01
2013-07-05,14.21
2013-07-08,14.3
2013-07-09,14.3
2013-07-10,14.16
2013-07-11,14.02
2013-07-12,14.21
2013-07-15,14.3
2013-07-16,14.19
2013-07-17,14.3
2013-07-18,14.56
2013-07-19,14.47
2013-07-22,14.59
2013-07-23,14.54
2013-07-24,14.4
2013-07-25,14.38
2013-07-26,14.24
2013-07-29,14.18
2013-07-30,14.12
2013-07-31,14.17
2013-08-01,14.51
2013-08-02,14.53
2013-08-05,14.35
2013-08-06,14.19
2013-08-07,14.1
2013-08-08,14.08
2013-08-09,14.07
2013-08-12,14.1
2013-08-13,14.12
2013-08-14,14.1
2013-08-15,13.97
2013-08-16,14.11
2013-08-19,13.84
2013-08-20,14.0
2013-08-21,13.84
2013-08-22,14.09
2013-08-23,14.05
2013-08-26,13.92
2013-08-27,13.49
2013-08-28,13.49
2013-08-29,13.5
2013-08-30,13.44
2013-09-03,13.49
2013-09-04,13.61
2013-09-05,13.68
2013-09-06,13.49
2013-09-09,13.59
2013-09-10,13.58
2013-09-11,13.68
2013-09-12,13.68
2013-09-13,13.68
2013-09-16,13.77
2013-09-17,13.85
2013-09-18,13.77
2013-09-19,13.51
2013-09-20,13.52
2013-09-23,13.46
2013-09-24,13.53
2013-09-25,13.6
2013-09-26,13.6
2013-09-27,13.49
2013-09-30,13.59
2013-10-01,13.74
2013-10-02,13.77
2013-10-03,13.73
2013-10-04,13.86
2013-10-07,13.58
2013-10-08,13.49
2013-10-09,13.54
2013-10-10,13.89
2013-10-11,13.97
2013-10-14,14.03
2013-10-15,13.89
2013-10-16,14.09
2013-10-17,14.24
2013-10-18,13.58
2013-10-21,13.61
2013-10-22,13.65
2013-10-23,13.75
2013-10-24,13.76
2013-10-25,13.9
2013-10-28,13.89
2013-10-29,13.86
2013-10-30,13.89
2013-10-31,13.8
2013-11-01,13.71
2013-11-04,13.68
2013-11-05,13.6
2013-11-06,13.71
2013-11-07,13.7
2013-11-08,13.96
2013-11-11,13.97
2013-11-12,13.87
2013-11-13,14.0
2013-11-14,14.09
2013-11-15,14.1
2013-11-18,14.1
2013-11-19,14.1
2013-11-20,14.1
2013-11-21,14.16
2013-11-22,14.27
2013-11-25,14.36
2013-11-26,14.4
2013-11-27,14.53
2013-11-29,14.47
2013-12-02,14.5
2013-12-03,14.27
2013-12-04,14.25
2013-12-05,14.04
2013-12-06,14.18
2013-12-09,14.17
2013-12-10,14.1
2013-12-11,14.05
2013-12-12,13.95
2013-12-13,13.9
2013-12-16,14.02
2013-12-17,13.98
2013-12-18,14.06
2013-12-19,13.9
2013-12-20,13.99
2013-12-23,14.22
2013-12-24,14.32
2013-12-26,14.29
2013-12-27,14.32
2013-12-30,14.33
2013-12-31,14.45
2014-01-02,14.34
2014-01-03,14.39
2014-01-06,14.43
2014-01-07,14.48
2014-01-08,14.74
2014-01-09,14.9
2014-01-10,14.7
2014-01-13,14.73
2014-01-14,14.86
2014-01-15,14.78
2014-01-16,14.69
2014-01-17,14.19
2014-01-21,14.34
2014-01-22,14.44
2014-01-23,14.1
2014-01-24,13.93
2014-01-27,13.83
2014-01-28,13.95
2014-01-29,13.87
2014-01-30,13.94
2014-01-31,13.73
2014-02-03,13.38
2014-02-04,13.41
2014-02-05,13.39
2014-02-06,13.43
2014-02-07,13.49
2014-02-10,13.54
2014-02-11,13.58
2014-02-12,13.51
2014-02-13,13.53
2014-02-14,13.68
2014-02-18,13.69
2014-02-19,13.44
2014-02-20,13.52
2014-02-21,13.59
2014-02-24,13.72
2014-02-25,13.59
2014-02-26,13.66
2014-02-27,13.74
2014-02-28,13.69
2014-03-03,13.65
2014-03-04,13.85
2014-03-05,13.94
2014-03-06,14.12
2014-03-07,14.08
2014-03-10,14.03
2014-03-11,13.94
2014-03-12,14.02
2014-03-13,13.96
2014-03-14,13.93
2014-03-17,14.07
2014-03-18,14.01
2014-03-19,14.23
2014-03-20,14.4
2014-03-21,14.49
2014-03-24,14.44
2014-03-25,14.31
2014-03-26,14.16
2014-03-27,14.01
2014-03-28,14.15
2014-03-31,14.37
2014-04-01,14.42
2014-04-02,14.34
2014-04-03,14.44
2014-04-04,14.17
2014-04-07,14.15
2014-04-08,14.36
2014-04-09,14.27
2014-04-10,14.12
2014-04-11,14.12
2014-04-14,14.2
2014-04-15,14.33
2014-04-16,14.43
2014-04-17,14.05
2014-04-21,13.95
2014-04-22,14.06
2014-04-23,14.16
2014-04-24,14.05
2014-04-25,13.9
2014-04-28,13.84
2014-04-29,13.92
2014-04-30,13.96
2014-05-01,13.99
2014-05-02,14.06
2014-05-05,14.0
2014-05-06,13.86
2014-05-07,14.11
2014-05-08,14.03
2014-05-09,14.07
2014-05-12,14.23
2014-05-13,14.15
2014-05-14,13.92
2014-05-15,13.88
2014-05-16,13.77
2014-05-19,13.93
2014-05-20,13.84
2014-05-21,13.94
2014-05-22,14.1
2014-05-23,14.11
2014-05-27,14.17
2014-05-28,14.12
2014-05-29,14.06
2014-05-30,14.05
2014-06-02,14.21
2014-06-03,14.23
2014-06-04,14.15
2014-06-05,14.37
2014-06-06,14.53
2014-06-09,14.59
2014-06-10,14.58
2014-06-11,14.56
2014-06-12,14.49
2014-06-13,14.49
2014-06-16,14.48
2014-06-17,14.54
2014-06-18,14.62
2014-06-19,14.56
2014-06-20,14.62
2014-06-23,14.63
2014-06-24,14.59
2014-06-25,14.71
2014-06-26,14.73
2014-06-27,14.8
2014-06-30,14.83
2014-07-01,14.89
2014-07-02,14.79
2014-07-03,14.94
2014-07-07,14.84
2014-07-08,14.76
2014-07-09,14.74
2014-07-10,14.72
2014-07-11,14.74
2014-07-14,14.8
2014-07-15,14.84
2014-07-16,14.58
2014-07-17,14.46
2014-07-18,14.48
2014-07-21,14.55
2014-07-22,14.5
2014-07-23,14.51
2014-07-24,14.6
2014-07-25,14.65
2014-07-28,14.62
2014-07-29,14.61
2014-07-30,14.57
2014-07-31,14.35
2014-08-01,14.16
2014-08-04,14.25
2014-08-05,14.24
2014-08-06,14.37
2014-08-07,14.24
2014-08-08,14.34
2014-08-11,14.36
2014-08-12,14.36
2014-08-13,14.43
2014-08-14,14.59
2014-08-15,14.46
2014-08-18,14.54
2014-08-19,14.56
2014-08-20,14.59
2014-08-21,14.77
2014-08-22,14.71
2014-08-25,14.75
2014-08-26,14.82
2014-08-27,14.79
2014-08-28,14.77
2014-08-29,14.78
2014-09-02,14.87
2014-09-03,14.8
2014-09-04,14.74
2014-09-05,14.83
2014-09-08,14.83
2014-09-09,14.73
2014-09-10,14.78
2014-09-11,14.87
2014-09-12,14.85
2014-09-15,14.84
2014-09-16,14.72
2014-09-17,14.78
2014-09-18,14.81
2014-09-19,14.73
2014-09-22,14.55
2014-09-23,14.5
2014-09-24,14.62
2014-09-25,14.41
2014-09-26,14.44
2014-09-29,14.42
2014-09-30,14.3
2014-10-01,14.21
2014-10-02,14.3
2014-10-03,14.3
2014-10-06,14.17
2014-10-07,13.95
2014-10-08,14.16
2014-10-09,13.88
2014-10-10,13.95
2014-10-13,14.13
2014-10-14,14.24
2014-10-15,13.89
2014-10-16,13.97
2014-10-17,13.66
2014-10-20,13.83
2014-10-21,14.05
2014-10-22,14.0
2014-10-23,14.03
2014-10-24,14.18
2014-10-27,14.26
2014-10-28,14.3
2014-10-29,14.41
2014-10-30,14.42
2014-10-31,14.62
2014-11-03,14.53
2014-11-04,14.49
2014-11-05,14.59
2014-11-06,14.71
2014-11-07,14.82
2014-11-10,14.88
2014-11-11,14.85
2014-11-12,14.87
2014-11-13,14.8
2014-11-14,14.78
2014-11-17,14.83
2014-11-18,14.81
2014-11-19,14.71
2014-11-20,14.83
2014-11-21,14.79
2014-11-24,14.85
2014-11-25,14.9
2014-11-26,14.88
2014-11-28,14.78
2014-12-01,14.68
2014-12-02,14.68
2014-12-03,14.77
2014-12-04,14.72
2014-12-05,14.92
2014-12-08,14.89
2014-12-09,14.89
2014-12-10,14.58
2014-12-11,14.7
2014-12-12,14.57
2014-12-15,14.49
2014-12-16,14.51
2014-12-17,14.83
2014-12-18,14.92
2014-12-19,15.16
2014-12-22,15.16
2014-12-23,15.3
2014-12-24,15.23
2014-12-26,15.25
2014-12-29,15.39
2014-12-30,15.28
2014-12-31,15.18
